4432
944 986
918 940
533 894
430 859
915 951
681 850
367 505
963 998
570 754
62 218
793 991
930 932
294 333
502 754
849 955
973 991
818 871
254 393
188 945
95 563
575 605
915 956
816 946
260 275
309 932
527 954
701 702
614 672
581 584
448 802
454 468
990 1000
234 458
680 978
257 397
6 447
110 510
146 590
460 746
423 891
929 941
258 401
573 605
307 621
14 932
439 992
681 800
366 747
973 980
462 736
642 894
652 844
613 685
671 695
647 854
429 592
369 529
500 945
85 745
924 997
10 334
642 673
178 828
62 451
992 992
451 875
549 907
368 781
994 999
906 968
490 924
151 704
201 296
792 950
911 935
63 400
252 266
663 908
480 777
750 854
357 744
396 784
8 898
844 896
157 937
910 992
792 852
831 969
206 772
739 988
918 989
239 655
519 974
195 345
95 538
976 996
271 609
169 271
757 778
651 979
824 920
279 405
111 435
452 721
430 521
79 849
583 697
438 907
932 973
208 386
124 541
265 413
604 940
529 890
944 997
208 600
503 826
374 542
17 250
759 876
175 176
513 954
840 958
882 887
241 579
915 952
644 809
41 142
156 444
958 968
240 449
133 384
525 525
335 761
202 382
255 715
956 956
269 501
200 836
265 420
300 585
836 892
729 755
800 887
173 825
715 800
919 952
12 28
872 1000
504 515
748 912
318 558
939 966
517 604
115 886
749 839
514 773
750 896
680 732
260 705
739 990
544 736
960 988
958 974
25 263
659 876
947 971
941 962
137 508
167 854
533 827
375 964
388 983
696 850
763 840
698 746
930 959
435 576
54 650
557 899
288 539
413 949
323 722
675 873
170 663
639 909
572 611
540 782
371 942
410 788
578 700
273 367
372 816
116 168
663 996
699 828
513 682
646 817
541 714
925 973
683 888
864 868
629 696
733 864
125 854
698 845
127 661
899 909
698 768
723 937
184 493
823 835
232 949
188 976
751 976
465 751
262 887
499 514
957 977
590 889
808 827
2 786
720 888
433 438
120 143
626 690
595 665
470 728
697 828
524 847
180 465
276 442
878 910
901 961
448 794
184 619
954 974
118 371
143 214
825 873
262 690
796 819
591 626
23 699
140 738
339 783
159 587
40 129
480 791
252 427
760 894
208 366
129 416
798 856
731 808
855 931
138 971
329 376
270 414
742 976
254 384
931 986
248 400
857 953
57 235
552 935
188 533
930 991
974 996
132 273
105 861
732 818
776 952
734 965
169 617
362 831
641 711
464 847
557 711
226 735
208 544
498 501
379 521
559 603
214 897
322 773
997 998
500 917
480 695
939 983
236 717
877 963
955 988
784 948
186 264
174 421
1000 1000
758 764
76 714
321 856
210 891
756 759
835 932
839 937
663 908
763 820
533 961
216 742
185 915
414 990
958 966
174 966
386 790
734 995
753 830
278 577
6 710
318 374
511 949
531 990
746 979
528 839
866 883
669 790
456 810
166 716
965 965
575 815
783 853
712 854
471 928
441 644
282 728
160 379
399 891
927 994
444 842
183 653
215 649
661 790
629 842
867 915
68 464
700 863
52 756
130 343
846 947
333 668
130 799
642 914
243 247
541 913
332 603
675 787
134 175
411 459
730 879
484 526
376 477
140 975
833 866
76 347
699 978
191 694
744 872
340 900
277 916
327 882
637 719
473 956
323 641
400 630
991 996
794 941
871 915
572 868
467 853
317 765
336 385
780 871
939 959
553 847
56 207
679 770
560 697
141 551
46 810
267 379
345 408
969 978
581 685
218 538
475 976
363 415
212 763
645 696
284 651
297 811
277 350
235 710
333 971
775 879
881 935
403 627
377 416
432 490
498 777
827 943
379 942
525 984
239 842
657 728
745 834
835 899
996 996
928 960
780 933
817 971
350 361
878 938
193 474
769 803
300 435
602 903
845 949
911 963
293 363
392 597
621 900
517 842
582 874
544 609
730 956
252 687
256 484
925 975
723 891
543 867
277 298
208 936
923 986
864 895
925 945
350 376
689 721
598 869
12 437
540 558
885 986
704 884
487 797
392 572
393 946
349 366
88 397
774 843
288 492
10 335
469 920
201 684
113 999
105 564
777 963
235 499
998 999
809 847
181 526
470 831
394 701
293 974
604 827
159 902
815 890
622 936
571 582
164 800
327 649
546 624
718 866
805 863
832 903
170 245
7 124
385 422
926 955
814 815
766 962
406 594
290 831
407 918
442 801
462 712
793 988
595 888
698 887
266 488
630 838
179 971
430 432
660 723
320 798
518 673
3 459
790 801
82 461
87 158
638 918
657 899
576 921
593 701
838 943
585 862
121 830
601 994
821 994
489 994
342 964
835 992
881 933
795 806
169 561
79 986
927 972
317 616
216 621
865 897
189 450
753 955
863 939
745 915
157 457
336 409
38 476
162 409
830 907
215 529
167 839
889 997
385 546
806 877
322 741
379 987
146 168
467 551
478 656
394 666
947 989
107 865
85 211
524 610
979 984
858 937
120 639
796 953
57 180
167 578
11 360
11 975
494 514
820 894
558 673
830 909
754 980
472 761
476 790
957 995
25 664
280 641
189 663
412 746
195 336
863 960
190 853
940 941
467 469
159 204
671 865
324 947
292 561
566 739
217 259
729 858
548 892
669 897
227 285
867 910
282 793
973 993
231 377
808 826
136 432
357 507
628 715
382 505
310 598
421 689
95 123
919 939
40 612
254 781
135 379
425 853
205 743
317 967
296 341
473 984
212 981
784 948
341 411
437 577
699 850
709 904
117 323
764 908
928 945
720 731
863 918
792 884
696 897
609 781
617 639
890 909
27 650
247 770
448 788
333 541
323 702
463 926
740 778
710 889
299 321
482 814
927 985
856 948
662 740
636 665
61 973
968 985
863 946
904 955
433 884
110 645
677 815
815 891
219 226
462 778
892 919
717 904
17 983
375 652
841 985
369 421
446 629
638 733
822 834
428 584
589 734
207 224
557 965
830 945
719 870
701 890
505 976
748 845
580 691
700 708
234 308
95 540
683 953
407 596
183 437
990 999
805 922
496 846
853 900
778 886
948 973
391 475
316 702
36 964
782 912
993 997
178 465
893 984
591 977
377 698
339 732
715 897
463 544
891 921
668 871
908 974
661 828
369 742
493 801
613 843
243 877
593 699
510 516
903 982
739 886
303 629
322 895
464 761
914 989
899 935
228 996
992 999
531 985
544 842
287 549
924 960
982 995
864 938
399 399
8 73
844 939
623 883
791 820
246 893
134 748
252 777
26 84
642 757
517 867
388 449
280 747
654 831
359 452
400 820
570 571
22 95
194 857
210 663
142 637
807 915
71 507
184 273
983 991
439 862
903 934
245 865
283 342
698 917
517 842
290 492
749 949
285 871
629 738
611 963
380 544
613 935
430 480
384 556
557 584
266 629
492 816
977 988
77 621
226 380
983 994
542 661
472 608
939 996
590 972
406 781
522 917
115 472
67 347
136 495
855 937
814 837
210 591
779 995
763 850
537 675
498 867
405 635
876 910
101 331
44 747
992 997
453 805
791 928
749 816
384 868
428 680
993 996
60 560
788 930
761 831
806 986
945 974
9 959
759 820
925 959
767 894
949 986
660 856
518 870
82 888
701 775
269 588
432 479
992 998
983 985
562 805
932 946
759 977
472 934
498 581
80 347
32 245
527 942
990 993
151 449
76 769
51 264
667 732
296 611
956 969
284 668
417 887
283 377
883 974
998 998
523 542
181 631
905 980
367 906
784 978
538 811
717 729
319 993
413 852
191 358
717 797
996 996
622 713
881 970
944 968
308 997
749 932
187 535
441 777
490 850
878 973
436 782
733 801
420 733
307 660
534 777
393 898
901 967
878 925
881 997
278 758
858 903
625 784
598 620
858 859
478 751
483 955
686 915
596 749
855 999
390 520
682 971
945 970
839 843
487 636
346 407
921 979
286 933
278 680
216 581
12 519
308 761
96 106
918 956
346 833
109 848
903 903
705 708
445 827
31 342
86 367
734 961
650 734
61 450
149 662
851 903
829 966
651 659
955 994
870 977
332 649
839 960
668 925
130 951
842 896
775 859
707 868
312 766
84 724
739 811
113 943
639 763
59 791
951 975
948 964
370 975
658 881
440 659
111 545
552 713
715 785
434 472
629 642
132 789
773 844
682 889
675 998
739 916
306 392
273 594
570 921
636 686
802 864
161 218
883 978
148 401
609 893
809 852
835 970
510 667
373 550
608 655
941 982
744 901
480 859
793 815
253 318
106 436
235 406
818 841
77 247
583 898
978 982
685 691
620 760
583 881
462 889
248 908
171 699
887 938
39 656
549 827
373 930
599 717
718 797
206 944
110 470
956 959
551 773
667 938
714 997
876 934
635 871
528 547
928 970
556 684
783 801
5 897
966 966
354 511
851 862
275 936
489 943
366 626
391 882
763 913
817 933
559 721
308 364
865 866
499 549
328 741
781 902
218 316
592 840
404 672
714 985
592 917
494 710
609 946
88 914
337 449
66 965
873 990
352 388
576 777
922 992
50 297
309 910
939 993
798 799
870 886
811 849
905 940
17 995
319 790
636 665
934 954
314 417
99 112
200 801
604 641
890 945
450 504
106 875
264 491
704 759
909 974
239 240
740 956
579 650
887 968
871 966
719 926
88 763
959 991
629 764
320 837
625 669
829 892
904 952
547 657
454 535
615 780
751 892
624 968
665 927
441 511
427 476
41 637
405 998
575 581
570 597
883 894
345 954
189 487
252 443
510 871
489 924
563 715
927 971
217 996
660 994
978 994
820 862
862 968
1 720
29 591
863 951
757 906
654 901
186 908
512 880
225 314
20 242
240 692
244 677
268 731
82 941
91 851
881 932
430 540
9 31
23 578
660 838
5 909
532 652
781 857
537 964
885 905
155 458
813 814
632 928
866 952
699 981
744 921
880 991
804 822
167 742
979 995
600 804
678 742
42 501
421 683
999 1000
813 915
404 654
379 796
274 898
677 939
270 310
262 709
23 802
439 663
667 708
624 717
327 575
309 938
290 356
936 988
324 463
781 919
270 859
527 735
84 491
253 612
837 901
444 699
778 960
165 311
214 499
379 859
836 852
320 462
842 884
440 561
655 805
110 710
126 943
414 627
795 882
834 939
222 926
55 513
87 603
498 707
757 796
625 954
233 300
693 978
164 1000
696 877
137 849
926 939
662 918
998 999
44 142
479 512
327 363
252 425
478 971
635 918
211 517
865 981
460 639
10 771
417 738
429 474
35 372
76 851
396 898
890 933
426 679
99 951
909 918
367 422
260 571
743 939
633 646
404 482
228 293
706 719
636 869
747 865
140 589
50 149
842 913
966 987
312 887
682 850
206 568
268 338
668 946
23 616
351 976
366 512
314 487
665 866
109 596
973 979
140 597
734 897
992 994
625 632
108 799
703 964
763 789
187 354
362 453
949 970
345 423
653 854
303 813
789 804
961 969
437 758
510 998
993 993
412 921
250 917
194 776
844 873
466 625
909 928
680 956
995 995
381 862
12 715
582 638
728 821
865 972
393 966
68 847
910 969
618 902
659 680
575 862
748 958
951 974
288 761
260 514
954 986
765 768
377 573
646 932
534 649
872 872
806 887
466 884
269 971
281 615
37 885
302 944
682 891
489 514
171 548
16 621
146 740
180 665
143 860
611 968
392 921
790 791
404 715
271 597
843 890
892 933
367 378
585 719
387 938
651 877
450 600
585 869
489 641
506 898
399 401
959 991
647 999
392 933
928 999
606 954
699 963
546 943
204 536
700 842
121 699
432 750
963 992
762 871
729 744
923 963
287 549
624 790
1000 1000
746 994
847 977
81 341
569 964
33 101
523 626
946 980
685 854
912 976
105 124
215 760
931 945
401 843
208 626
847 862
258 324
954 980
332 991
575 696
504 510
112 920
852 959
143 182
17 79
779 800
245 457
326 542
683 864
839 951
112 708
195 995
165 250
880 897
780 880
497 821
293 639
77 343
829 837
724 771
824 909
980 993
438 921
610 623
454 615
725 951
708 873
50 895
989 998
48 424
790 856
992 993
876 953
593 809
347 420
517 886
915 979
762 917
227 928
304 611
213 588
925 948
856 942
352 730
654 674
156 275
747 827
598 693
702 838
479 756
222 904
155 790
667 714
609 895
786 900
297 344
98 167
351 509
243 520
431 529
957 988
410 995
598 853
886 928
95 181
145 613
104 567
113 674
616 997
875 945
604 865
319 991
61 90
574 707
858 974
717 968
850 900
524 616
542 915
323 827
824 949
253 417
224 632
729 990
341 610
371 526
292 639
8 826
54 75
313 882
3 694
484 985
226 643
609 985
642 791
676 777
502 998
718 901
377 500
643 998
77 487
839 878
765 774
815 907
4 452
302 389
370 834
994 998
334 398
228 796
916 944
461 663
541 627
262 403
809 896
477 608
545 876
789 818
471 741
416 606
931 934
59 619
256 500
447 596
555 708
148 631
497 720
784 998
999 1000
398 663
22 395
898 949
494 890
4 106
770 900
797 939
436 624
680 930
687 792
14 702
546 973
506 774
280 900
847 890
670 938
437 538
140 688
421 915
613 733
892 987
847 997
504 603
579 982
185 855
733 970
575 624
427 812
942 987
671 846
994 999
866 961
462 998
187 925
947 974
895 948
563 961
633 887
596 727
344 679
397 845
964 970
406 623
563 665
213 817
723 939
160 794
382 739
543 906
378 590
10 251
566 620
901 925
55 452
999 999
66 484
702 926
673 712
890 935
14 67
702 750
156 164
372 443
643 839
871 998
484 910
12 142
646 861
810 953
193 805
327 401
455 568
727 991
911 931
808 980
658 658
101 142
310 483
947 965
98 420
442 607
299 682
535 613
490 659
620 916
815 885
834 987
745 970
342 866
711 861
114 785
183 557
762 955
232 966
949 985
603 893
840 962
69 987
924 996
106 922
213 958
507 944
992 996
166 638
173 718
178 753
721 929
646 932
529 922
310 583
489 539
396 556
980 988
552 809
342 445
115 865
860 994
325 603
614 906
198 866
902 956
818 930
307 951
182 813
245 289
820 899
414 971
874 942
763 774
506 807
166 954
495 610
576 799
159 316
356 402
202 274
239 761
800 801
551 794
678 935
631 814
134 821
197 617
131 890
921 989
570 789
190 776
565 885
310 533
211 669
393 763
804 934
418 746
834 871
902 907
313 581
70 818
259 390
555 586
459 486
685 766
551 857
558 802
624 797
653 982
366 527
5 860
318 986
896 904
232 733
40 785
925 935
415 566
839 983
658 754
286 869
212 710
394 952
860 942
73 819
887 997
958 980
224 463
140 326
275 940
157 445
390 590
862 937
317 387
509 895
956 977
477 576
22 292
481 657
491 796
223 771
719 960
72 751
491 740
847 872
19 354
724 820
434 616
276 597
920 989
305 464
647 913
335 424
632 669
431 577
46 510
593 992
987 997
944 982
318 943
248 603
834 901
20 710
892 897
382 670
732 998
946 948
553 674
215 719
318 539
61 322
116 611
983 984
629 711
733 758
21 727
778 983
622 846
901 923
58 208
140 159
584 700
416 607
768 867
946 961
475 591
268 410
580 973
502 586
33 737
657 873
974 984
576 697
884 938
455 664
670 908
889 924
413 577
732 795
765 791
529 788
45 103
953 963
351 582
391 785
446 795
318 457
284 832
780 947
624 756
679 757
553 636
803 927
267 674
902 942
570 827
648 885
519 943
581 774
950 955
247 333
446 530
426 970
238 894
569 907
245 981
791 976
86 630
50 423
479 526
284 381
275 396
472 578
353 586
95 585
51 997
718 986
11 198
60 638
286 672
895 897
650 977
798 998
418 732
615 638
859 859
216 663
278 743
711 753
251 519
126 708
244 985
774 924
983 989
420 627
440 795
502 677
532 848
923 938
994 994
401 528
858 908
708 869
870 898
666 909
811 882
850 883
665 871
717 825
45 568
26 862
663 840
848 956
548 998
239 308
634 743
143 525
765 989
825 925
313 626
569 804
975 994
697 956
180 671
226 909
518 845
645 734
495 773
590 734
963 970
187 692
578 956
942 970
234 463
583 694
992 997
635 724
498 677
32 471
100 722
785 890
992 993
16 968
561 744
317 342
311 395
338 714
955 997
380 883
79 885
383 758
741 920
589 914
224 562
793 820
56 228
880 924
666 787
667 855
638 827
671 959
919 950
861 1000
895 927
175 903
144 744
217 505
632 987
250 513
154 341
384 658
959 987
387 662
424 557
426 989
276 419
375 977
649 946
555 879
158 570
166 490
90 700
588 614
854 984
950 967
62 738
192 551
873 877
534 898
451 499
544 688
463 507
985 986
896 928
900 977
401 438
811 840
467 516
406 789
442 796
795 897
112 697
687 841
182 420
422 691
492 916
123 145
425 550
947 973
538 816
487 718
997 999
99 851
385 444
63 185
412 745
743 791
202 352
909 976
996 998
53 74
414 613
907 910
125 515
231 551
361 654
332 883
716 975
26 105
805 880
911 965
991 994
673 824
581 598
193 633
75 157
64 732
893 994
753 813
833 999
272 429
146 467
940 982
897 968
411 568
973 991
483 515
225 984
676 889
192 999
55 924
607 632
275 956
703 967
316 791
17 990
795 932
934 963
669 954
424 465
660 778
771 874
334 756
249 988
796 964
851 978
271 566
345 978
466 908
278 878
10 82
745 916
849 973
23 538
241 581
412 584
437 609
709 744
731 896
17 21
380 484
881 881
954 974
110 822
45 745
713 787
928 991
841 959
776 965
945 961
752 904
670 801
703 818
221 926
185 870
513 748
893 903
453 616
726 884
271 402
226 687
546 678
740 830
443 900
192 720
280 405
305 398
951 982
344 400
905 976
613 923
192 545
601 928
593 736
645 679
460 580
814 965
534 804
1000 1000
175 342
582 765
666 844
789 875
445 798
754 813
432 509
508 996
812 967
896 954
447 455
798 977
977 978
404 492
177 412
824 893
681 944
97 545
175 1000
564 852
807 836
540 808
229 987
192 697
580 994
135 216
558 659
303 722
950 954
756 972
8 929
787 871
49 403
922 994
684 793
307 557
433 760
57 543
130 791
468 904
859 920
497 860
57 411
908 993
727 986
872 889
320 320
316 364
766 870
24 247
97 295
175 751
351 384
805 958
827 982
197 706
558 687
94 417
461 924
678 731
150 960
504 838
883 944
509 601
942 976
202 872
914 981
989 992
962 999
350 889
918 964
704 736
538 618
521 984
976 979
219 523
533 956
302 849
94 341
975 988
641 871
132 634
830 931
3 926
539 896
810 936
699 938
1 258
624 820
582 959
581 742
916 937
742 818
833 991
176 223
805 990
38 83
248 445
761 838
641 994
305 774
597 606
435 810
757 764
535 813
722 907
552 874
478 940
136 701
108 606
993 994
86 209
229 367
60 680
806 813
561 934
604 644
753 984
440 617
841 867
355 595
215 897
729 793
11 359
252 804
223 265
123 423
560 560
279 485
172 360
837 861
391 969
635 695
954 989
857 938
38 45
964 984
220 936
209 654
549 985
418 583
828 972
720 963
913 936
123 494
149 654
344 804
705 996
936 970
480 577
839 854
840 849
948 966
23 365
886 977
258 958
468 829
306 542
97 908
292 310
923 974
452 944
605 657
341 647
971 990
82 844
693 702
346 928
108 841
976 996
644 856
786 818
555 801
536 918
268 498
627 947
340 699
306 374
663 681
292 712
225 644
373 653
612 811
423 984
454 880
614 830
53 316
720 905
351 530
507 773
658 907
587 711
333 771
405 830
298 309
22 179
638 754
495 631
340 777
17 812
66 390
670 754
20 130
987 992
867 881
176 361
825 903
798 931
823 842
613 994
662 749
252 288
496 577
940 998
607 993
269 824
229 869
700 861
129 826
158 879
623 800
775 878
506 855
526 665
115 234
716 976
988 992
461 795
428 484
207 631
579 714
359 767
609 830
306 552
563 853
777 803
485 890
897 987
639 984
665 928
604 959
61 843
790 958
910 933
285 978
919 941
549 983
912 926
622 804
496 779
126 445
735 869
633 661
931 941
542 641
116 837
909 939
433 750
159 620
748 853
581 835
161 791
204 981
318 492
884 968
614 985
538 865
60 530
160 877
593 745
532 998
388 871
438 599
299 817
813 946
902 965
478 793
26 803
805 896
182 906
208 821
689 889
227 733
949 971
998 998
732 966
851 956
611 666
126 694
718 817
580 844
603 968
534 869
885 982
53 345
567 991
740 742
880 943
193 868
808 809
236 632
272 662
572 884
517 795
969 986
454 571
545 562
18 998
112 348
723 824
21 973
529 632
262 983
718 900
664 677
158 487
745 806
84 377
196 835
108 499
169 221
126 492
47 275
501 912
561 848
670 822
752 830
775 873
415 512
123 618
182 462
744 963
146 318
328 671
370 783
893 975
5 312
360 710
929 949
545 866
239 816
845 987
886 900
211 321
457 938
344 706
536 912
292 778
336 544
370 586
404 665
198 851
237 418
136 600
657 679
713 963
439 571
897 920
963 973
350 963
185 635
888 998
115 552
93 903
351 602
712 764
71 182
904 922
211 795
62 673
33 108
574 864
976 993
143 285
623 641
779 823
691 707
127 757
465 943
278 388
813 945
745 788
79 179
808 814
127 206
914 990
804 989
78 133
702 996
752 976
704 717
999 1000
287 721
208 590
363 749
59 164
249 468
965 991
372 609
415 796
369 1000
631 711
607 950
395 513
816 937
210 908
197 310
197 915
720 874
321 710
59 241
450 730
61 149
12 171
724 875
395 602
906 909
18 653
941 957
594 780
250 294
283 977
581 759
924 934
748 959
130 240
16 832
190 533
570 787
645 706
92 891
585 651
315 475
970 992
365 931
118 141
420 574
600 831
212 802
948 972
622 880
901 943
770 803
13 235
14 110
466 611
924 954
403 425
662 705
539 905
814 878
436 458
186 805
274 814
488 997
687 712
373 468
449 579
96 426
138 154
445 586
174 976
808 907
95 190
658 839
136 360
465 478
981 990
164 694
120 371
517 812
214 782
293 424
380 540
469 907
311 667
898 966
408 438
223 748
196 498
645 659
780 948
248 274
596 735
403 950
69 90
721 864
346 625
562 887
38 533
130 392
708 904
772 856
139 628
993 993
262 719
841 933
401 977
239 957
806 929
143 640
955 962
10 300
629 695
392 624
526 618
678 964
768 952
531 944
974 984
743 763
502 824
816 882
11 546
295 951
521 916
777 935
226 505
277 688
504 926
267 885
764 831
119 694
341 365
343 468
530 837
234 664
449 797
231 571
181 677
545 688
561 717
871 899
346 916
987 1000
1 113
404 643
809 964
41 68
625 851
488 516
728 921
436 907
750 858
449 717
630 734
524 589
383 721
900 973
21 285
695 918
981 1000
595 953
311 655
694 952
817 914
571 769
45 657
16 965
852 979
551 881
669 892
895 988
511 707
367 608
413 648
905 992
940 967
850 916
907 993
117 992
406 647
674 926
285 995
876 980
165 803
659 671
404 516
551 667
555 828
965 975
906 928
636 655
444 710
166 389
369 428
553 926
616 908
77 453
833 959
377 576
695 934
414 889
308 372
734 961
261 891
863 905
563 665
664 838
748 802
242 596
843 976
143 787
587 841
221 992
757 800
55 824
302 489
486 931
462 465
776 848
194 751
710 814
149 905
460 905
549 950
866 923
944 980
7 166
684 766
741 939
614 888
565 866
372 960
6 783
159 679
968 985
171 274
509 553
707 752
383 890
975 994
45 342
660 953
161 587
938 966
810 945
837 862
458 976
426 523
567 940
871 979
549 615
987 989
658 870
186 743
39 546
8 172
421 422
112 573
385 513
25 512
461 600
266 321
739 958
224 385
240 851
341 420
665 944
96 428
651 989
200 776
711 943
155 621
690 886
453 719
488 518
219 787
231 815
26 959
120 803
567 841
812 897
732 823
242 425
280 449
805 987
692 786
60 530
171 548
415 484
980 987
351 890
834 972
459 581
716 852
181 874
504 616
406 535
201 257
493 714
140 972
401 927
455 777
724 925
875 895
95 672
376 411
889 981
642 925
405 928
648 671
84 330
14 128
343 364
928 980
662 928
740 969
823 955
306 454
879 926
640 776
218 865
154 564
739 864
912 936
861 863
319 700
563 735
797 858
785 884
648 724
702 803
288 853
647 977
486 670
183 806
743 772
689 979
364 996
197 622
224 610
526 556
568 571
755 896
611 744
54 668
55 689
587 740
576 784
715 875
872 899
16 533
15 137
265 290
27 874
155 825
650 699
247 697
519 610
983 998
216 585
398 978
646 824
894 899
11 281
984 995
327 629
944 987
946 984
744 931
129 429
585 960
301 348
269 755
733 786
521 895
52 741
169 482
474 692
749 976
483 691
971 975
171 778
669 783
643 677
859 984
442 717
609 735
7 465
14 719
381 883
804 893
202 706
705 798
333 799
69 460
529 598
624 975
753 923
408 923
206 317
303 337
41 905
24 756
616 835
272 467
617 679
195 733
174 176
374 478
123 731
742 984
975 978
724 898
620 950
151 725
265 446
397 521
315 897
734 850
153 521
741 901
482 932
330 914
415 877
650 951
905 925
33 43
494 895
330 937
200 408
621 796
971 995
45 134
662 701
985 993
693 987
411 956
564 900
811 984
281 317
757 907
914 926
641 967
97 808
618 675
460 481
508 978
757 974
605 998
456 605
313 775
167 594
730 805
53 57
659 989
587 816
122 805
999 999
667 679
817 843
869 959
566 801
988 989
369 797
163 596
253 622
606 949
645 991
149 931
269 695
32 637
709 752
818 835
462 525
869 912
913 977
352 875
167 908
598 876
7 392
517 913
142 176
61 637
777 885
988 996
397 608
484 822
822 884
145 696
97 716
650 879
63 806
123 718
432 962
46 478
649 886
412 462
911 918
740 761
801 996
781 964
981 1000
915 992
767 958
167 712
586 689
527 584
861 914
361 537
489 747
738 951
197 855
552 694
610 743
179 544
397 584
218 488
818 875
975 1000
802 860
295 400
278 798
172 629
566 779
828 890
221 623
326 770
622 826
86 190
767 832
463 618
77 565
790 814
603 607
408 782
549 619
668 761
749 910
9 669
939 985
655 723
263 693
588 605
899 945
958 999
154 461
71 651
193 938
954 956
482 875
861 952
962 985
493 570
27 699
318 631
685 963
25 421
338 831
685 897
778 792
535 766
765 857
195 396
948 996
341 394
414 725
304 548
878 906
387 579
587 954
991 997
635 973
712 962
406 966
921 964
780 937
795 971
51 206
14 590
74 524
984 994
497 546
447 903
22 55
740 793
779 913
408 874
198 953
74 526
775 960
837 924
579 807
562 957
801 901
484 745
614 686
64 807
932 939
734 992
813 818
349 655
38 706
746 802
391 936
33 424
48 325
196 339
277 711
973 994
90 442
994 1000
756 969
360 402
932 946
879 972
99 427
611 800
196 432
495 971
420 446
24 750
301 723
539 876
593 664
470 992
128 602
760 962
274 919
518 729
199 993
114 938
589 849
737 759
559 832
14 924
45 557
536 580
519 884
269 699
532 876
474 605
679 872
769 770
876 895
503 809
938 942
473 569
858 987
76 808
189 202
516 875
784 880
884 889
895 981
617 763
663 668
786 798
38 204
355 850
845 979
420 791
283 325
519 834
879 995
438 864
881 963
541 770
953 965
407 738
125 870
333 348
701 871
440 482
615 968
193 494
811 817
686 909
936 943
479 616
348 597
732 829
499 913
448 501
388 934
37 145
955 980
331 983
920 925
443 492
940 981
474 557
14 676
553 614
175 525
571 608
141 481
491 735
334 371
124 431
730 808
684 804
5 365
656 843
157 748
823 921
326 459
896 955
759 782
985 987
573 843
676 865
814 846
834 952
266 843
752 960
45 739
182 193
429 757
30 335
288 993
920 988
541 974
560 776
247 778
352 683
312 365
415 477
403 601
734 918
821 885
671 906
221 793
101 667
191 312
900 950
738 829
108 615
342 423
435 729
169 629
474 790
104 584
458 940
121 818
90 872
887 952
631 663
439 770
300 557
819 884
291 697
767 971
717 855
24 983
179 386
97 268
410 928
600 882
387 904
229 724
881 886
500 755
850 936
507 991
909 991
379 986
933 968
453 878
301 729
336 715
309 459
600 727
335 616
614 934
731 893
94 405
161 982
113 139
655 981
821 992
727 965
795 811
944 963
811 814
825 835
998 1000
834 897
845 898
369 403
560 717
787 998
247 835
476 780
643 760
36 560
827 912
141 439
518 819
390 715
373 490
182 794
922 946
598 962
689 986
4 376
558 749
593 909
265 988
856 967
681 943
953 978
203 221
401 909
762 813
54 239
999 999
220 925
510 673
941 979
150 750
638 743
408 736
577 910
654 739
884 958
975 984
514 598
613 734
728 885
297 472
748 881
653 949
462 914
617 763
833 924
961 989
952 969
483 554
64 453
745 747
556 953
775 992
783 821
978 979
808 963
754 955
521 834
881 952
777 788
127 937
268 838
213 234
623 874
40 356
16 203
353 920
857 864
433 758
135 248
930 933
9 788
748 749
525 933
191 529
44 172
732 745
598 715
573 694
295 944
769 996
20 195
510 762
407 826
925 955
39 541
179 679
997 999
797 872
505 667
815 874
673 871
626 832
116 238
952 969
401 917
103 800
428 950
118 355
564 737
985 995
425 448
868 995
816 893
294 413
650 897
752 855
292 958
558 908
740 950
917 937
575 676
218 833
935 985
376 553
400 905
232 710
858 944
152 468
840 873
596 644
855 925
203 845
639 871
903 966
612 879
346 697
960 990
146 514
112 975
272 584
651 674
459 542
206 923
193 203
688 929
112 184
345 779
320 797
822 998
544 914
868 927
542 707
64 219
41 933
683 707
596 832
62 115
330 658
45 445
333 435
224 628
187 592
379 765
401 827
347 568
744 768
128 843
37 342
202 481
253 493
760 761
314 676
66 720
585 860
463 878
624 854
669 972
712 844
37 600
456 784
93 770
956 964
158 369
688 767
678 896
777 906
610 949
44 815
257 989
84 808
510 537
86 793
46 174
598 856
555 874
621 782
26 782
208 244
447 903
640 962
815 894
353 526
869 960
2 602
177 401
683 833
315 737
270 313
377 524
843 915
690 775
168 399
304 617
480 962
848 947
901 983
18 726
616 891
999 999
322 619
228 677
671 910
382 753
883 989
145 595
812 892
343 345
381 846
92 761
9 66
20 545
857 992
947 972
601 880
612 908
47 750
111 806
48 494
993 995
303 712
48 922
79 196
323 908
54 510
107 488
305 612
114 530
428 827
427 494
491 810
573 924
574 878
1000 1000
825 952
543 545
785 916
965 976
683 786
772 905
53 760
961 991
222 793
237 321
244 510
452 938
628 652
917 997
655 862
962 974
233 822
20 778
935 978
598 761
436 462
937 990
847 898
255 824
781 852
353 930
680 975
794 899
718 918
849 957
805 989
944 985
890 903
321 818
937 954
982 985
139 815
37 735
671 797
324 855
307 400
477 614
477 760
386 717
438 920
382 787
291 592
557 602
742 754
801 851
883 957
697 804
169 810
871 956
388 824
421 829
274 902
695 893
229 426
986 992
8 204
651 933
365 795
19 661
256 846
696 831
532 949
506 856
572 609
797 990
719 775
711 966
6 437
795 993
797 814
391 613
820 982
830 833
648 728
359 534
280 695
937 983
520 822
27 922
144 880
531 940
148 759
340 891
402 930
616 883
36 232
217 908
658 776
400 692
163 767
884 919
243 709
163 455
371 847
233 502
390 780
712 719
620 741
968 980
802 911
632 653
104 567
389 594
660 781
787 986
826 934
876 907
230 540
200 786
407 747
867 915
246 910
665 843
665 912
547 618
558 669
263 994
369 384
315 420
700 865
589 629
908 990
399 590
308 659
849 917
234 351
601 797
305 770
677 994
164 640
369 806
49 114
258 492
883 953
29 451
820 874
474 726
926 964
779 919
735 924
127 965
679 794
639 652
159 761
733 908
936 993
513 704
848 872
287 566
694 906
247 411
241 305
378 475
210 650
72 269
721 721
908 926
661 951
486 963
467 931
829 951
370 690
870 931
141 775
144 889
846 917
548 708
142 408
42 715
967 980
280 663
173 601
722 738
648 967
508 701
1000 1000
595 640
497 597
810 895
663 972
9 919
21 762
580 751
72 553
407 851
659 979
790 900
991 997
5 327
537 897
13 768
555 578
632 770
89 655
842 940
265 383
439 647
860 892
698 790
963 968
553 566
537 679
871 937
423 503
93 206
973 973
260 593
170 941
950 993
327 416
527 703
91 863
818 983
950 999
823 863
813 982
32 212
600 846
392 783
897 975
461 843
51 941
263 542
674 969
946 969
293 841
51 739
913 941
737 947
853 888
284 1000
470 904
582 722
395 873
802 838
226 333
48 366
327 355
783 937
733 892
784 935
153 856
241 837
830 868
923 1000
142 496
758 999
121 689
191 375
993 997
85 775
365 978
300 434
477 913
148 929
762 865
23 569
930 971
321 781
934 987
453 509
718 737
846 863
484 998
577 671
910 953
136 394
449 950
519 577
178 839
967 979
884 925
423 747
277 915
194 377
921 953
647 907
589 798
19 888
767 1000
82 779
463 740
957 960
407 851
964 998
167 982
656 982
147 229
719 789
945 984
677 916
651 691
204 780
337 651
442 596
701 937
740 821
884 915
356 612
558 617
299 805
16 471
900 959
299 359
831 974
581 628
254 701
647 934
385 917
721 971
842 922
1000 1000
328 755
327 987
461 666
516 901
235 581
701 845
98 697
395 767
603 636
676 857
730 755
428 885
138 964
288 976
876 935
808 952
410 678
957 992
757 883
399 673
127 330
858 967
859 979
216 992
844 948
495 974
88 409
576 664
122 591
859 951
670 861
340 580
754 941
546 738
589 649
398 995
245 869
111 165
702 839
101 820
32 879
915 985
342 390
230 420
250 286
730 745
688 976
417 739
627 705
939 956
95 194
136 200
723 844
28 794
704 922
866 980
478 580
478 787
64 234
256 371
661 782
816 829
603 817
708 790
606 746
272 506
835 870
815 974
61 701
407 489
786 860
174 491
622 955
85 777
462 679
206 563
97 970
618 723
408 859
523 529
918 928
801 866
40 676
623 959
397 478
151 432
973 993
936 969
569 678
233 870
598 785
313 509
944 990
188 621
994 996
210 495
733 900
990 991
190 829
432 459
682 802
487 630
543 867
837 958
78 694
401 680
946 984
849 938
621 730
280 589
26 944
282 905
989 989
530 788
254 268
456 841
722 874
469 651
834 905
898 917
941 1000
94 164
324 787
47 466
459 715
749 906
411 930
356 890
480 750
252 261
295 638
155 520
207 897
401 630
22 169
533 849
592 826
640 859
133 260
298 792
670 793
805 807
613 833
403 953
875 920
817 844
18 917
237 845
483 794
660 696
950 969
985 991
950 956
95 388
431 504
452 584
312 917
948 982
918 966
669 895
536 772
501 737
323 795
971 986
106 445
191 601
846 992
964 964
811 913
150 164
403 449
284 869
811 834
605 862
461 878
485 872
995 995
704 997
432 911
509 726
623 979
43 676
636 939
870 965
354 927
518 912
826 939
640 688
84 881
594 935
417 463
509 931
563 825
211 396
91 932
833 926
909 933
341 671
669 692
15 20
138 761
650 779
531 815
945 986
331 459
820 983
560 864
430 737
176 214
128 957
949 969
652 682
320 522
759 975
72 844
485 648
205 971
107 909
126 527
288 509
714 739
376 545
105 191
877 944
789 919
528 775
498 930
615 836
442 809
255 844
737 879
419 874
832 926
995 997
850 902
578 652
143 200
956 966
414 841
331 533
638 880
11 564
21 837
300 319
138 863
536 668
579 719
486 495
712 904
801 1000
664 934
599 954
259 885
146 921
798 805
720 913
672 843
891 909
189 992
638 893
391 724
420 483
360 880
676 940
242 776
725 732
933 959
185 193
550 797
406 561
219 818
278 616
422 507
98 277
959 995
2 267
14 690
980 988
572 890
780 955
852 908
431 949
450 729
692 730
776 999
261 312
409 807
72 797
696 959
722 785
989 997
9 158
15 399
328 578
595 970
29 223
981 983
208 504
394 596
160 222
355 812
935 942
968 973
609 726
434 584
727 926
625 693
889 891
310 611
343 349
528 605
89 340
913 948
266 616
684 724
292 763
341 892
242 642
382 636
410 455
855 858
616 988
150 638
644 825
665 852
188 866
921 938
239 302
928 997
285 886
748 893
992 998
861 993
170 743
97 853
944 980
966 998
621 802
319 641
932 992
85 918
170 230
615 794
715 787
709 750
604 707
971 979
587 688
597 690
561 583
599 637
148 902
159 373
756 819
329 997
974 998
674 985
351 522
870 942
984 993
243 465
263 817
3 132
320 477
840 863
128 419
290 373
392 866
925 988
549 752
146 876
216 302
686 821
491 697
182 239
504 995
394 783
247 801
526 701
501 949
877 903
237 310
461 843
9 586
875 973
357 930
263 790
894 954
329 341
647 819
161 583
430 537
986 1000
225 681
394 883
636 981
189 582
969 989
811 968
847 928
150 566
984 988
132 397
617 961
925 968
716 872
702 877
126 619
399 952
45 960
91 483
782 807
587 721
274 833
271 545
786 880
536 680
731 872
957 970
680 746
542 715
97 955
832 940
472 856
319 469
324 461
890 949
618 892
483 941
552 706
507 746
351 647
318 995
850 984
915 980
440 636
769 926
381 510
242 419
88 956
885 911
972 985
52 853
549 872
133 642
924 939
882 889
524 960
468 833
997 999
432 935
356 821
845 991
969 999
687 942
608 939
265 895
576 908
961 982
548 975
607 796
910 963
123 168
605 610
468 706
631 774
783 831
191 402
126 431
861 949
108 174
62 973
165 214
183 866
160 607
803 851
598 885
783 932
625 974
354 756
424 996
692 815
871 891
259 989
976 984
193 446
356 554
983 995
451 999
188 329
35 779
262 442
4 114
348 427
910 989
156 508
997 998
705 731
159 183
691 904
667 907
650 792
754 892
928 998
607 865
973 979
902 913
213 254
787 877
174 217
354 980
701 821
963 997
601 997
280 744
310 796
684 842
566 621
866 928
697 951
176 261
679 773
490 734
324 475
292 607
153 222
649 682
792 981
148 246
87 416
737 804
505 964
531 635
390 861
271 972
384 659
303 951
748 897
105 496
120 431
480 595
162 566
345 683
628 652
188 449
336 925
533 959
888 900
960 985
28 653
589 648
359 929
845 948
653 794
718 908
568 747
125 411
904 944
447 664
422 854
776 978
925 987
176 951
909 984
196 300
283 331
954 987
90 773
382 462
771 912
977 991
663 688
441 666
882 894
93 582
329 915
888 951
661 850
497 724
915 994
767 846
845 884
957 1000
678 946
600 806
372 720
496 946
873 942
523 858
380 528
817 909
65 949
443 615
929 940
663 838
176 491
595 993
629 783
244 329
908 997
424 1000
521 798
537 726
552 973
23 736
223 606
240 401
418 451
53 837
154 406
17 83
10 643
162 720
378 615
284 535
404 742
562 738
379 806
266 830
121 803
380 856
530 890
829 830
237 405
253 697
341 768
639 767
665 814
986 989
533 612
681 777
270 985
177 278
210 225
241 344
608 796
86 296
225 598
632 792
901 906
708 845
598 863
28 323
415 714
760 784
155 736
366 412
93 600
652 918
236 828
824 853
886 941
430 896
265 875
604 900
242 421
144 264
517 686
745 854
731 891
968 1000
899 913
205 737
532 661
381 456
240 532
716 807
745 935
211 232
474 561
862 987
459 783
624 930
865 933
589 766
480 706
586 741
26 874
89 233
351 784
729 917
282 567
613 655
679 914
440 653
532 893
130 507
440 625
263 443
908 909
646 799
868 890
303 858
18 550
582 717
134 834
589 596
952 984
724 768
470 883
116 423
15 392
865 898
859 950
858 948
960 975
649 767
843 985
571 713
262 276
279 689
87 912
749 888
917 953
922 922
489 651
607 736
421 786
