100 150 87 59
87 33 672
33 42 632
42 4 998
4 73 633
73 0 756
0 9 467
9 1 184
1 16 723
16 82 577
82 68 146
68 84 735
84 60 600
60 37 345
37 50 891
50 90 615
90 15 359
15 61 482
61 51 272
51 99 165
99 41 987
41 3 503
3 39 825
39 93 833
93 32 801
32 45 646
45 74 845
74 35 405
35 46 205
46 52 194
52 12 357
12 96 429
96 28 187
28 64 76
64 34 179
34 97 131
97 31 679
31 25 733
25 55 451
55 47 116
47 38 16
38 11 907
11 70 183
70 54 285
54 83 48
83 22 365
22 20 77
20 7 535
7 88 559
88 67 31
67 13 19
13 21 994
21 36 70
36 8 903
8 19 364
19 29 548
29 72 83
72 98 56
98 18 753
18 56 611
56 14 933
14 89 943
89 43 362
43 23 327
23 62 543
62 69 273
69 26 562
26 57 155
57 24 828
24 76 234
76 53 393
53 79 707
79 85 676
85 2 393
2 40 739
40 94 622
94 6 500
6 81 14
81 49 868
49 17 796
17 75 392
75 10 940
10 80 256
80 65 774
65 91 275
91 27 755
27 77 97
77 30 162
30 86 911
86 58 299
58 78 729
78 95 527
95 63 864
63 44 967
44 66 11
66 48 522
48 5 44
5 71 946
71 92 170
92 59 482
42 10 264
26 48 4312
26 1 1753
77 93 2213
42 62 3806
92 69 153
34 91 2826
60 21 4018
93 31 2368
32 89 2843
95 52 4776
93 57 2645
38 56 4781
35 14 226
16 79 3999
64 6 1923
85 24 2221
30 22 1974
56 14 4759
35 23 4926
34 46 154
28 62 1731
92 38 3526
29 92 942
34 64 4929
9 2 2178
40 89 1830
6 54 582
17 65 4634
22 96 2751
52 14 3903
8 46 183
20 78 2324
45 29 464
55 19 3018
81 95 2723
31 30 3576
90 29 4417
9 71 3228
6 5 1601
33 77 2082
56 27 1995
58 37 179
81 38 4625
34 55 758
74 60 2129
43 95 1625
39 82 93
31 42 2729
17 76 2512
97 30 4701
