100 150 29 16
29 92 583
92 91 143
91 98 479
98 15 244
15 77 328
77 2 193
2 87 971
87 70 875
70 13 486
13 97 790
97 37 620
37 90 292
90 20 388
20 51 635
51 48 880
48 27 477
27 63 377
63 19 842
19 47 152
47 41 335
41 85 141
85 4 456
4 30 362
30 71 685
71 5 512
5 21 297
21 67 891
67 7 136
7 60 538
60 10 179
10 24 8
24 83 927
83 40 316
40 75 332
75 94 687
94 69 52
69 55 400
55 79 507
79 53 609
53 3 951
3 88 508
88 56 832
56 93 629
93 65 565
65 32 360
32 52 313
52 17 459
17 81 883
81 89 629
89 68 960
68 61 798
61 22 466
22 18 51
18 72 757
72 0 510
0 11 396
11 58 83
58 62 169
62 26 814
26 43 363
43 23 246
23 59 714
59 80 912
80 99 957
99 39 435
39 38 948
38 25 362
25 45 245
45 33 96
33 28 365
28 86 581
86 12 372
12 31 19
31 66 878
66 44 156
44 73 205
73 78 305
78 9 222
9 84 230
84 76 64
76 36 925
36 14 819
14 49 955
49 50 119
50 57 499
57 64 738
64 8 45
8 35 288
35 1 187
1 95 754
95 6 927
6 46 301
46 34 958
34 96 343
96 82 628
82 74 284
74 54 607
54 42 603
42 16 544
25 24 3299
9 78 2708
8 67 324
52 7 1525
74 32 431
58 26 869
86 48 2143
62 53 4301
87 97 3192
12 0 2003
71 28 2425
3 74 3472
95 94 4893
44 27 2405
72 58 4092
81 92 3382
18 60 2741
67 86 4549
23 10 583
42 79 1205
48 23 1145
25 53 1195
58 99 3260
88 70 110
52 93 3416
27 69 4333
87 66 3359
12 18 4422
31 83 4724
94 40 3397
91 41 4946
1 26 1537
58 45 2263
4 30 2180
79 88 2190
62 3 4760
43 23 2116
31 86 4054
11 27 4133
42 13 2859
15 97 2658
79 3 2459
68 58 2733
15 9 512
84 45 190
62 17 2898
10 77 4708
38 77 4206
1 40 3137
97 96 979
68 48 3772
