1000 1500 259 548
259 929 777
929 686 716
686 542 134
542 280 447
280 246 725
246 644 270
644 508 174
508 988 862
988 522 832
522 33 47
33 30 216
30 645 517
645 305 362
305 19 610
19 875 871
875 186 124
186 207 113
207 110 578
110 516 587
516 687 845
687 646 692
646 94 677
94 738 581
738 685 554
685 786 200
786 526 196
526 728 428
728 831 645
831 701 631
701 236 701
236 260 419
260 101 22
101 579 508
579 930 57
930 130 104
130 485 176
485 8 248
8 359 958
359 922 311
922 5 988
5 364 456
364 876 910
876 93 877
93 371 69
371 70 13
70 872 254
872 84 165
84 333 523
333 398 259
398 916 736
916 449 383
449 849 336
849 690 274
690 151 865
151 923 355
923 166 478
166 282 560
282 932 532
932 54 578
54 249 175
249 524 437
524 335 93
335 921 502
921 217 971
217 56 453
56 763 719
763 190 989
190 499 126
499 253 978
253 647 134
647 262 114
262 463 399
463 530 959
530 4 390
4 355 652
355 458 410
458 374 854
374 329 469
329 68 939
68 309 146
309 202 865
202 789 661
789 131 469
131 175 298
175 286 183
286 181 348
181 627 434
627 493 839
493 661 800
661 491 397
491 162 765
162 284 974
284 704 232
704 756 542
756 842 455
842 83 298
83 538 181
538 586 428
586 563 183
563 157 690
157 174 171
174 575 692
575 340 669
340 163 715
163 829 393
829 45 555
45 105 222
105 424 615
424 75 440
75 39 134
39 865 498
865 975 669
975 673 444
673 603 930
603 818 962
818 74 47
74 933 115
933 757 754
757 847 76
847 984 646
984 985 616
985 594 196
594 269 358
269 128 419
128 509 434
509 853 586
853 453 539
453 28 518
28 228 85
228 977 8
977 231 608
231 767 401
767 519 41
519 743 222
743 885 165
885 945 764
945 790 1
790 370 117
370 427 339
427 443 528
443 489 666
489 49 298
49 278 975
278 66 57
66 18 77
18 390 250
390 643 339
643 395 496
395 468 253
468 363 509
363 106 136
106 654 851
654 587 712
587 942 539
942 124 534
124 939 125
939 78 863
78 504 151
504 664 968
664 182 657
182 475 560
475 807 576
807 450 383
450 64 521
64 53 366
53 480 392
480 966 648
966 7 841
7 170 976
170 257 542
257 448 916
448 805 824
805 24 754
24 354 804
354 631 604
631 169 849
169 660 53
660 967 661
967 432 10
432 358 578
358 946 136
946 472 454
472 209 199
209 928 501
928 639 432
639 198 635
198 212 451
212 718 294
718 537 130
537 694 118
694 265 236
265 936 196
936 462 300
462 266 85
266 446 817
446 164 214
164 14 557
14 40 934
40 994 956
994 822 500
822 909 408
909 956 488
956 902 153
902 900 189
900 25 67
25 941 372
941 399 278
399 906 203
906 641 901
641 184 805
184 104 246
104 590 657
590 396 244
396 96 185
96 968 759
968 167 64
167 303 743
303 706 594
706 725 166
725 17 970
17 46 406
46 751 198
751 394 544
394 318 392
318 705 513
705 138 152
138 995 399
995 712 51
712 393 382
393 107 708
107 719 365
719 219 420
219 888 239
888 816 585
816 426 488
426 750 469
750 382 842
382 484 703
484 595 832
595 405 223
405 571 813
571 695 417
695 239 673
239 421 935
421 709 960
709 540 690
540 471 142
471 523 670
523 120 135
120 111 902
111 412 283
412 559 74
559 72 183
72 429 32
429 147 344
147 200 550
200 341 644
341 978 622
978 29 366
29 326 549
326 823 509
823 241 593
241 356 752
356 927 734
927 700 901
700 387 94
387 943 93
943 652 34
652 912 191
912 684 15
684 878 886
878 100 946
100 132 860
132 156 183
156 498 595
498 653 801
653 189 283
189 682 920
682 350 242
350 716 304
716 425 710
425 420 829
420 736 365
736 965 909
965 161 813
161 722 756
722 758 83
758 114 88
114 319 793
319 535 491
535 134 800
134 577 470
577 940 369
940 761 804
761 973 485
973 862 460
862 998 47
998 557 576
557 408 714
408 828 421
828 61 369
61 160 968
160 953 809
953 254 694
254 323 512
323 910 197
910 539 432
539 971 549
971 835 160
835 937 102
937 79 36
79 300 116
300 844 717
844 938 657
938 881 107
881 730 97
730 406 821
406 546 62
546 95 302
95 89 648
89 683 719
683 752 218
752 782 622
782 26 594
26 866 109
866 721 222
721 477 193
477 238 851
238 826 972
826 197 622
197 486 772
486 776 168
776 296 810
296 532 332
532 693 868
693 803 356
803 565 496
565 302 493
302 452 287
452 553 665
553 297 744
297 599 588
599 604 276
604 92 877
92 221 660
221 440 440
440 817 672
817 268 39
268 80 723
80 171 828
171 781 955
781 298 440
298 115 242
115 768 37
768 691 327
691 16 105
16 754 258
754 150 927
150 416 524
416 755 664
755 445 173
445 195 599
195 36 406
36 809 119
809 497 12
497 852 96
852 176 323
176 699 628
699 103 717
103 482 501
482 874 943
874 836 880
836 245 561
245 344 900
344 802 507
802 657 589
657 886 94
886 32 166
32 723 231
723 483 848
483 597 52
597 609 115
609 745 979
745 766 430
766 899 484
899 869 284
869 529 264
529 316 607
316 436 406
436 708 866
708 518 330
518 90 261
90 285 908
285 34 902
34 365 645
365 760 356
760 172 716
172 873 421
873 180 174
180 112 625
112 917 88
917 787 487
787 224 516
224 410 319
410 126 907
126 569 770
569 734 470
734 55 919
55 619 941
619 91 926
91 12 158
12 780 420
780 592 343
592 310 148
310 129 679
129 204 847
204 608 623
608 868 254
868 479 538
479 520 417
520 920 588
920 349 477
349 348 472
348 299 791
299 680 855
680 454 105
454 119 955
119 264 405
264 955 865
955 801 49
801 533 476
533 583 504
583 915 203
915 304 329
304 507 5
507 99 523
99 295 432
295 314 368
314 753 453
753 227 814
227 455 379
455 810 719
810 3 735
3 461 13
461 23 464
23 715 78
715 510 577
510 840 482
840 980 646
980 710 276
710 913 941
913 258 263
258 666 198
666 689 718
689 545 525
545 57 37
57 999 262
999 158 131
158 1 851
1 244 587
244 560 711
560 759 774
759 71 503
71 206 338
206 352 544
352 315 629
315 959 728
959 434 239
434 667 659
667 788 955
788 859 845
859 659 982
659 2 231
2 140 848
140 851 652
851 958 905
958 896 822
896 791 667
791 515 712
515 676 367
676 146 945
146 525 14
525 173 710
173 294 766
294 935 698
935 765 888
765 401 93
401 541 514
541 435 383
435 145 141
145 665 456
665 179 120
179 625 658
625 135 275
135 846 821
846 615 111
615 572 725
572 813 114
813 459 238
459 798 651
798 193 391
193 153 526
153 143 56
143 133 688
133 159 359
159 815 566
815 894 928
894 339 87
339 379 982
379 289 667
289 47 118
47 322 984
322 820 131
820 671 138
671 183 894
183 551 519
551 934 15
934 811 176
811 901 554
901 413 407
413 417 989
417 404 463
404 10 249
10 441 495
441 711 501
711 31 36
31 373 983
373 838 307
838 556 882
556 457 183
457 400 738
400 208 810
208 65 425
65 703 399
703 863 172
863 307 527
307 255 805
255 37 38
37 388 29
388 607 347
607 517 694
517 216 519
216 473 358
473 555 911
555 602 283
602 73 416
73 402 608
402 962 700
962 267 332
267 165 822
165 974 989
974 578 149
578 464 847
464 243 284
243 903 167
903 366 77
366 717 542
717 783 918
783 951 942
951 109 938
109 203 697
203 250 455
250 48 781
48 279 313
279 378 350
378 125 524
125 86 562
86 274 331
274 611 129
611 230 441
230 108 433
108 148 233
148 779 566
779 893 314
893 320 603
320 63 392
63 799 651
799 762 22
762 668 77
668 465 643
465 474 9
474 629 445
629 574 902
574 931 713
931 502 104
502 38 587
38 127 678
127 879 933
879 834 755
834 334 364
334 626 621
626 733 464
733 642 221
642 423 204
423 784 717
784 136 137
136 312 86
312 328 155
328 748 659
748 892 370
892 476 96
476 845 878
845 624 103
624 273 749
273 982 149
982 361 547
361 696 317
696 669 82
669 827 771
827 330 55
330 830 448
830 907 101
907 550 917
550 729 555
729 777 843
777 948 644
948 797 47
797 154 615
154 527 831
527 884 533
884 85 633
85 740 217
740 742 606
742 536 381
536 292 35
292 422 840
422 369 205
369 521 728
521 251 348
251 82 962
82 375 345
375 51 118
51 947 465
947 713 8
713 678 558
678 621 239
621 332 543
332 214 68
214 391 366
391 342 462
342 919 187
919 325 193
325 222 354
222 887 592
887 534 925
534 564 652
564 353 382
353 628 886
628 362 619
362 287 61
287 415 701
415 616 392
616 983 570
983 240 652
240 889 564
889 562 837
562 737 948
737 890 245
890 0 705
0 582 71
582 384 220
384 62 358
62 970 826
970 833 808
833 996 892
996 531 334
531 679 621
679 433 637
433 637 908
637 102 923
102 610 494
610 832 970
832 346 740
346 291 323
291 622 798
622 543 854
543 614 957
614 188 314
188 357 323
357 855 189
855 58 710
58 914 973
914 220 7
220 898 715
898 411 469
411 494 505
494 814 284
814 617 604
617 714 771
714 505 214
505 724 183
724 121 340
121 139 75
139 636 542
636 581 691
581 376 764
376 672 990
672 623 669
623 9 544
9 338 114
338 87 793
87 549 946
549 794 782
794 60 123
60 821 422
821 467 11
467 42 335
42 380 80
380 478 429
478 566 739
566 343 20
343 272 197
272 969 158
969 385 698
385 651 212
651 43 230
43 630 353
630 201 706
201 168 501
168 242 769
242 870 121
870 584 991
584 351 289
351 605 108
605 957 242
957 585 232
585 749 956
749 925 105
925 481 851
481 976 876
976 187 783
187 419 572
419 785 98
785 793 949
793 620 964
620 979 631
979 655 30
655 880 472
880 697 207
697 437 716
437 13 239
13 495 509
495 580 894
580 386 26
386 503 70
503 225 290
225 506 352
506 116 548
116 337 845
337 601 570
601 59 753
59 276 916
276 226 574
226 954 650
954 877 618
877 770 811
770 804 464
804 35 605
35 152 607
152 215 876
215 864 426
864 97 878
97 141 474
141 764 98
764 301 711
301 674 939
674 439 313
439 688 489
688 442 308
442 81 913
81 589 351
589 431 473
431 69 995
69 741 656
741 944 486
944 381 80
381 345 911
345 123 29
123 271 28
271 675 792
675 252 103
252 372 457
372 568 176
568 648 303
648 656 469
656 211 580
211 544 896
544 772 21
772 229 249
229 21 652
21 640 867
640 22 126
22 392 441
392 414 101
414 806 5
806 905 694
905 732 614
732 558 777
558 466 487
466 796 296
796 598 762
598 692 505
692 633 787
633 456 637
456 658 181
658 52 551
52 576 457
576 747 504
747 324 271
324 819 143
819 451 301
451 383 353
383 635 386
635 895 305
895 638 937
638 867 262
867 824 943
824 963 450
963 904 819
904 720 811
720 634 535
634 275 501
275 407 113
407 918 510
918 882 976
882 223 270
223 731 358
731 44 372
44 122 385
122 812 116
812 670 901
670 561 26
561 288 134
288 596 448
596 990 302
990 149 647
149 237 50
237 512 891
512 861 680
861 191 802
191 649 798
649 293 236
293 88 603
88 567 18
567 854 438
854 447 780
447 336 51
336 389 562
389 632 151
632 702 852
702 234 901
234 277 618
277 746 205
746 98 251
98 403 667
403 27 992
27 41 853
41 438 296
438 20 967
20 76 616
76 213 624
213 860 874
860 808 488
808 194 522
194 618 461
618 347 453
347 311 454
311 843 867
843 593 123
593 313 387
313 662 784
662 992 461
992 492 829
492 137 285
137 800 321
800 883 208
883 989 776
989 232 292
232 306 128
306 368 328
368 871 327
871 248 442
248 117 109
117 409 818
409 857 390
857 418 339
418 317 763
317 650 836
650 321 947
321 775 501
775 290 871
290 926 141
926 218 448
218 744 592
744 698 106
698 897 339
897 707 666
707 769 937
769 270 876
270 547 335
547 952 427
952 600 596
600 283 224
283 993 772
993 377 883
377 960 612
960 908 531
908 367 277
367 142 903
142 501 521
501 771 489
771 331 18
331 795 48
795 841 835
841 681 783
681 397 901
397 233 420
233 470 90
470 488 521
488 185 575
185 997 283
997 196 279
196 444 430
444 487 446
487 460 598
460 177 731
177 155 506
155 991 841
991 511 715
511 469 237
469 612 134
612 199 48
199 235 362
235 850 402
850 573 341
573 554 843
554 552 659
552 144 278
144 588 135
588 726 269
726 496 842
496 528 468
528 67 73
67 792 456
792 735 120
735 972 453
972 192 500
192 50 208
50 663 269
663 261 268
261 911 6
911 77 16
77 964 755
964 949 234
949 986 150
986 961 985
961 360 489
360 281 959
281 677 143
677 205 486
205 981 60
981 613 443
613 428 192
428 327 904
327 606 709
606 118 179
118 778 535
778 15 980
15 856 209
856 430 65
430 513 59
513 891 566
891 500 934
500 113 330
113 727 461
727 924 461
924 11 789
11 570 191
570 591 439
591 256 170
256 308 426
308 837 235
837 178 250
178 490 254
490 773 826
773 774 627
774 263 948
263 950 869
950 839 462
839 210 476
210 739 783
739 6 891
6 848 237
848 987 707
987 247 176
247 858 659
858 825 721
825 514 994
514 548 202
474 605 3171
124 61 58
936 889 3348
173 422 297
240 225 624
474 544 1469
600 344 799
619 111 1904
18 119 3822
25 888 314
762 617 966
77 694 1492
800 414 3886
235 795 4639
185 330 4515
517 691 2750
100 800 1763
338 404 748
434 705 1171
477 145 596
254 410 4793
553 671 3843
947 73 837
892 175 522
158 883 470
307 582 399
173 6 2214
591 477 2887
928 948 3901
180 508 1749
618 835 3677
880 222 1861
736 773 3029
839 201 2648
231 346 4888
579 284 4739
725 598 3523
285 811 3385
967 206 941
776 944 2704
873 886 3543
236 577 1400
155 11 2003
782 366 4177
288 334 3437
787 267 3733
413 547 328
955 376 3874
948 886 778
503 64 4871
302 281 1712
47 944 4671
226 376 1061
854 494 3353
716 772 3001
519 542 2809
874 408 2363
597 519 712
306 221 3629
537 600 2730
861 380 2002
291 233 350
199 749 3460
474 644 4399
230 555 2079
83 197 4137
520 171 2988
549 68 4694
750 279 2878
640 871 4908
918 997 3449
471 946 1771
862 535 4469
638 231 518
514 419 3700
7 557 4667
481 40 2610
346 137 1157
663 358 3852
752 21 3871
288 257 1262
516 485 3385
12 119 136
954 685 555
965 535 1775
288 330 2156
436 40 1388
753 841 2606
773 277 4403
461 759 2590
927 158 2184
447 923 4534
678 970 1752
410 116 2068
424 644 3548
2 786 4768
704 652 2993
558 111 4680
373 985 189
533 728 2907
261 898 3354
46 999 3703
854 570 4398
813 577 989
487 752 643
101 642 2164
425 467 27
573 31 169
220 349 2874
457 975 605
469 722 4026
909 972 915
620 783 232
151 767 1442
226 114 2837
792 603 162
538 45 3549
51 699 4459
150 375 1686
373 690 4036
360 419 137
852 397 3090
634 965 1587
525 494 5
56 519 1898
769 209 2827
64 264 244
418 419 836
678 320 2966
357 569 3723
769 608 4033
210 238 4664
284 946 2673
763 610 681
515 64 4344
606 86 3012
350 925 102
883 551 971
68 789 706
529 436 644
396 18 2068
630 316 2390
790 827 4819
948 111 739
56 682 677
849 564 2076
163 769 1631
455 513 1573
796 421 3307
859 297 2165
58 551 3744
530 56 4360
675 72 462
118 776 3500
254 558 84
667 385 4544
186 274 4915
419 940 117
561 968 4004
372 714 3458
437 530 3525
432 517 3712
326 38 1046
597 360 1833
964 646 2591
265 119 456
797 744 509
429 207 2727
302 856 3523
545 161 1035
182 147 640
528 104 245
19 812 4309
907 45 3570
69 579 3760
750 575 2507
632 51 1541
540 671 3690
134 591 3889
784 375 3796
486 545 283
554 631 2206
843 827 1589
97 980 2592
498 587 1984
455 288 3455
60 706 1031
296 358 4299
756 171 142
947 639 3152
10 775 2694
520 976 962
66 788 1390
345 368 4639
135 64 3263
962 992 1279
61 602 215
199 207 3980
726 472 688
292 527 1298
810 879 1692
897 748 4185
835 148 3004
524 299 3260
931 482 4287
142 342 2406
683 722 1686
559 86 523
219 49 2131
797 93 2783
301 523 3749
948 892 821
68 835 1868
575 620 3015
916 402 2594
129 376 3403
638 730 3214
281 704 2997
162 616 2461
838 60 1830
8 767 1112
162 625 3171
989 348 4565
314 507 1260
339 628 2770
509 462 733
544 333 653
590 462 4116
73 871 4906
603 488 1450
186 709 3731
963 390 614
186 116 2805
992 674 2387
31 630 2286
665 140 4262
777 397 464
526 827 4967
634 195 3983
512 996 1072
70 413 334
273 496 998
611 370 1168
534 123 71
979 514 840
339 414 2142
41 392 756
851 658 1396
549 894 4467
367 574 329
530 370 2433
119 763 112
400 422 2160
942 390 2936
536 501 3005
921 290 312
125 289 2209
916 634 4891
350 850 896
178 573 1162
194 951 4347
96 788 938
923 312 683
865 236 3119
974 698 705
378 523 2615
509 744 1698
296 856 852
972 402 762
161 403 4340
62 917 4457
46 479 1187
753 700 2960
268 246 2894
722 989 3597
992 46 2185
855 46 3
950 498 4354
808 707 4930
423 493 334
593 158 296
136 289 4351
443 923 1884
275 855 1553
645 970 176
214 449 2434
693 173 4103
283 47 4337
770 927 2674
425 134 2128
426 327 2627
257 26 866
335 59 3288
350 145 1838
850 706 3761
497 588 1697
631 648 525
817 7 1357
653 745 797
456 859 2396
84 148 2615
37 600 1055
862 437 3069
977 747 2480
11 123 2869
345 596 4064
817 402 3639
629 893 3632
947 944 1080
615 847 627
209 685 751
156 473 3978
205 70 795
146 741 2141
330 397 4932
751 162 1750
132 234 2197
156 692 1988
416 98 1261
437 85 734
749 441 2545
599 505 1764
571 126 4805
212 867 4374
842 723 2819
960 488 4106
989 143 495
569 98 3586
335 507 1227
72 138 3403
62 481 4724
411 64 95
678 953 4880
383 418 85
757 979 1600
103 847 1013
755 278 3873
338 758 3685
510 948 3858
165 761 3885
343 863 896
520 77 2281
808 893 3688
562 531 3680
401 10 971
504 67 524
477 967 1719
418 884 2524
300 198 3006
112 616 99
5 405 1566
483 471 448
735 471 2410
629 104 2932
129 422 252
153 881 4024
459 528 1746
353 615 3758
932 234 2294
626 489 4566
432 805 2569
972 164 1140
993 954 336
329 948 1424
8 277 807
964 134 34
976 668 3165
157 753 392
873 257 2653
169 656 3073
806 347 3332
813 778 1303
139 355 1773
65 575 1198
149 405 2704
120 532 1792
125 229 3909
925 832 3427
919 296 1705
418 812 874
456 466 2100
419 521 4191
72 963 3941
310 954 98
177 66 640
773 633 1002
551 447 4985
858 507 3757
646 391 3888
495 257 261
143 41 4651
656 579 4496
170 194 2094
246 779 1709
727 669 1177
541 707 1803
665 127 3166
472 756 3102
36 778 4516
51 110 4527
405 386 1004
472 449 4697
141 120 4080
86 846 1448
778 854 37
943 153 2380
700 649 3768
973 200 4364
172 593 3152
443 911 1010
230 903 820
415 22 2619
44 398 4865
818 579 2326
41 971 1282
573 8 1074
526 858 1658
691 120 2401
507 701 2265
485 884 69
873 988 3234
749 568 3136
934 629 4553
97 321 2424
781 189 1202
584 48 2814
322 315 3676
441 772 4579
877 886 3014
695 469 321
98 748 2675
374 412 795
848 24 2525
107 676 3297
559 153 4133
540 708 2764
260 799 2913
383 190 3304
33 410 4703
510 926 3225
42 915 3248
248 26 4896
410 121 2174
262 385 4008
576 572 907
413 956 1670
940 804 707
42 344 1189
897 804 2271
643 423 3246
241 955 164
530 890 107
875 743 2164
395 745 98
210 447 2406
230 391 3311
1 247 3585
968 862 997
804 890 3726
738 319 798
787 676 2729
602 583 3900
977 134 2179
884 712 2703
828 507 4948
539 623 2273
381 752 3290
857 120 1390
32 534 2493
209 966 3165
449 560 3265
4 294 3806
762 425 2108
802 788 3238
331 201 335
839 933 3339
899 279 3233
565 525 803
351 703 1083
44 45 4063
702 503 696
980 213 834
833 188 2011
156 547 4841
57 803 2439
59 676 3098
310 287 161
987 407 352
452 789 2011
932 600 964
970 46 1965
86 670 1098
315 29 1849
499 596 4317
447 935 4574
541 574 2512
593 238 3265
198 982 1925
818 724 315
713 594 2923
20 182 3012
