1000 1500 285 231
285 770 675
770 899 362
899 673 484
673 300 31
300 63 77
63 915 569
915 438 806
438 924 424
924 167 421
167 53 822
53 845 797
845 165 683
165 934 96
934 427 851
427 114 125
114 562 268
562 975 517
975 788 724
788 380 267
380 52 235
52 677 963
677 9 388
9 406 989
406 472 274
472 292 121
292 752 369
752 688 108
688 756 402
756 811 149
811 194 125
194 336 799
336 797 278
797 268 957
268 64 618
64 837 918
837 358 512
358 128 996
128 867 967
867 885 221
885 181 822
181 608 394
608 2 97
2 547 123
547 75 188
75 242 358
242 244 217
244 428 44
428 177 316
177 694 177
694 793 759
793 31 139
31 748 89
748 758 604
758 742 199
742 288 724
288 516 746
516 927 464
927 622 177
622 335 207
335 806 976
806 819 927
819 97 193
97 599 452
599 747 314
747 71 809
71 592 160
592 360 90
360 952 707
952 261 592
261 650 521
650 334 542
334 988 327
988 692 525
692 58 533
58 887 603
887 267 369
267 111 585
111 875 277
875 23 939
23 778 955
778 232 58
232 482 733
482 189 306
189 391 436
391 509 45
509 533 47
533 215 719
215 86 965
86 476 619
476 716 401
716 543 845
543 264 117
264 718 661
718 313 910
313 950 776
950 774 251
774 863 416
863 905 369
905 16 669
16 171 562
171 986 876
986 271 15
271 937 545
937 222 364
222 625 820
625 567 706
567 958 206
958 201 750
201 372 358
372 724 16
724 974 891
974 223 453
223 963 954
963 836 227
836 431 699
431 598 525
598 68 83
68 745 413
745 896 245
896 557 43
557 610 665
610 120 551
120 989 655
989 964 879
964 246 205
246 368 534
368 366 701
366 454 449
454 857 990
857 168 727
168 540 628
540 951 386
951 696 438
696 26 694
26 331 519
331 994 778
994 56 911
56 3 741
3 824 738
824 62 227
62 257 154
257 511 791
511 240 662
240 571 848
571 416 460
416 542 651
542 270 290
270 253 35
253 364 425
364 678 624
678 326 315
326 713 151
713 432 425
432 187 751
187 601 89
601 436 405
436 444 785
444 343 720
343 976 107
976 442 273
442 203 424
203 112 65
112 504 639
504 460 172
460 584 552
584 722 523
722 666 936
666 269 507
269 484 430
484 402 544
402 639 376
639 802 571
802 395 912
395 942 91
942 80 968
80 99 73
99 126 350
126 458 987
458 494 284
494 839 209
839 754 412
754 637 29
637 578 218
578 286 960
286 133 438
133 419 66
419 548 803
548 866 375
866 638 815
638 848 769
848 823 941
823 352 642
352 977 605
977 624 615
624 939 834
939 137 998
137 870 902
870 161 278
161 202 759
202 643 912
643 25 197
25 51 861
51 191 57
191 572 423
572 45 639
45 186 872
186 520 769
520 980 680
980 216 862
216 900 107
900 649 304
649 254 620
254 686 312
686 552 341
552 715 162
715 519 836
519 891 414
891 485 162
485 278 50
278 376 912
376 861 348
861 869 609
869 904 131
904 459 721
459 987 544
987 241 449
241 829 584
829 256 72
256 712 989
712 698 108
698 57 884
57 910 977
910 656 764
656 467 354
467 439 752
439 102 951
102 734 774
734 903 911
903 47 632
47 90 118
90 296 308
296 61 229
61 518 814
518 644 597
644 435 607
435 569 465
569 840 246
840 851 464
851 659 812
659 743 143
743 226 491
226 213 916
213 24 546
24 947 556
947 766 50
766 483 169
483 568 144
568 856 489
856 382 939
382 355 103
355 248 721
248 237 69
237 403 68
403 510 470
510 879 341
879 830 915
830 143 39
143 998 714
998 621 786
621 943 112
943 550 644
550 136 267
136 881 390
881 374 541
374 746 404
746 123 557
123 785 943
785 513 745
513 763 717
763 465 416
465 210 631
210 594 290
594 984 479
984 92 740
92 999 101
999 880 958
880 775 723
775 106 213
106 238 131
238 914 567
914 81 530
81 978 947
978 865 50
865 367 317
367 618 863
618 282 943
282 995 302
995 579 882
579 749 538
749 87 586
87 59 496
59 703 182
703 623 201
623 573 475
573 234 996
234 211 32
211 640 619
640 531 580
531 721 519
721 445 386
445 993 31
993 130 351
130 151 699
151 493 410
493 466 884
466 962 147
962 307 968
307 489 487
489 324 646
324 765 704
765 450 556
450 804 31
804 672 296
672 218 297
218 478 688
478 338 702
338 463 340
463 812 715
812 502 246
502 923 327
923 440 673
440 396 890
396 862 696
862 990 636
990 503 140
503 949 181
949 931 678
931 101 640
101 808 666
808 315 961
315 480 775
480 433 472
433 88 630
88 798 978
798 574 686
574 262 195
262 79 504
79 243 762
243 390 23
390 631 137
631 330 831
330 847 192
847 759 203
759 959 888
959 312 278
312 298 421
298 294 707
294 496 614
496 180 984
180 365 610
365 486 827
486 398 31
398 425 759
425 33 433
33 332 532
332 632 652
632 657 198
657 664 774
664 333 223
333 983 166
983 55 124
55 773 135
773 982 123
982 145 809
145 521 131
521 889 349
889 641 731
641 70 302
70 575 538
575 940 44
940 508 985
508 991 968
991 966 275
966 121 884
121 922 524
922 110 165
110 877 714
877 769 909
769 204 365
204 146 232
146 258 512
258 356 29
356 408 942
408 895 603
895 290 100
290 388 751
388 477 279
477 555 700
555 803 457
803 11 347
11 275 727
275 455 701
455 351 490
351 297 268
297 113 682
113 566 451
566 794 546
794 125 112
125 705 428
705 807 784
807 109 159
109 536 799
536 658 405
658 251 134
251 955 423
955 972 523
972 44 432
44 524 146
524 245 795
245 134 115
134 461 849
461 148 910
148 304 790
304 681 449
681 907 814
907 634 154
634 730 981
730 276 789
276 842 391
842 813 747
813 563 496
563 329 295
329 577 879
577 347 986
347 680 902
680 514 354
514 96 343
96 379 524
379 720 767
720 487 285
487 967 391
967 310 318
310 832 102
832 906 664
906 897 409
897 139 472
139 301 105
301 43 591
43 135 977
135 913 380
913 605 631
605 490 626
490 660 1
660 475 643
475 849 664
849 646 777
646 619 887
619 522 203
522 318 534
318 590 183
590 693 11
693 420 470
420 665 969
665 84 964
84 613 89
613 512 551
512 628 982
628 834 384
834 208 83
208 617 215
617 600 731
600 38 74
38 764 622
764 76 977
76 583 168
583 235 188
235 321 228
321 449 581
449 795 495
795 662 649
662 700 497
700 452 406
452 122 40
122 663 6
663 323 291
323 293 321
293 529 371
529 926 165
926 917 15
917 377 974
377 410 150
410 709 219
709 728 196
728 787 916
787 412 633
412 473 618
473 371 913
371 944 20
944 415 186
415 299 396
299 387 865
387 481 451
481 996 882
996 39 979
39 418 532
418 263 898
263 946 664
946 280 477
280 149 226
149 289 86
289 667 759
667 107 26
107 702 632
702 831 334
831 873 479
873 354 354
354 196 653
196 491 11
491 346 351
346 295 298
295 73 939
73 328 811
328 225 975
225 593 812
593 691 676
691 50 761
50 965 370
965 41 835
41 462 92
462 957 198
957 912 156
912 29 254
29 971 729
971 674 44
674 426 772
426 272 89
272 596 217
596 451 711
451 855 970
855 916 124
916 570 956
570 212 492
212 604 777
604 131 247
131 771 956
771 17 556
17 82 450
82 784 139
784 179 784
179 789 42
789 602 467
602 453 652
453 588 670
588 753 303
753 741 596
741 920 566
920 141 343
141 537 954
537 626 145
626 443 301
443 723 871
723 790 428
790 85 976
85 230 263
230 669 2
669 611 115
611 178 298
178 652 257
652 817 193
817 739 943
739 229 716
229 200 185
200 166 975
166 409 739
409 560 513
560 751 658
751 760 900
760 19 492
19 556 241
556 74 674
74 683 293
683 378 895
378 668 248
668 528 692
528 169 51
169 266 89
266 6 735
6 448 257
448 363 874
363 733 939
733 152 938
152 860 732
860 735 333
735 796 271
796 190 505
190 835 682
835 447 990
447 277 132
277 206 676
206 103 512
103 961 362
961 91 894
91 717 483
717 714 584
714 558 344
558 732 476
732 655 191
655 843 208
843 305 1
305 93 134
93 422 946
422 501 476
501 319 351
319 437 474
437 303 812
303 49 342
49 859 919
859 119 260
119 124 434
124 979 513
979 247 675
247 706 912
706 441 582
441 868 849
868 172 605
172 818 579
818 541 56
541 60 299
60 164 289
164 933 133
933 21 431
21 357 949
357 871 782
871 629 278
629 612 223
612 822 11
822 960 974
960 98 299
98 233 899
233 799 651
799 826 247
826 400 86
400 492 548
492 302 51
302 479 607
479 1 706
1 948 915
948 635 954
635 731 845
731 160 701
160 527 39
527 12 934
12 704 997
704 259 338
259 72 948
72 311 268
311 603 490
603 968 338
968 132 700
132 969 765
969 671 750
671 953 380
953 642 134
642 158 221
158 309 156
309 711 383
711 945 356
945 515 320
515 389 966
389 876 954
876 581 978
581 394 262
394 781 277
781 894 62
894 83 226
83 699 699
699 316 430
316 36 725
36 228 658
228 525 815
525 89 693
89 929 338
929 182 983
182 690 568
690 48 233
48 729 524
729 284 404
284 7 576
7 809 538
809 407 43
407 740 922
740 154 329
154 320 92
320 69 568
69 901 784
901 707 633
707 534 154
534 361 25
361 902 329
902 34 638
34 150 389
150 825 268
825 404 504
404 369 29
369 645 691
645 507 893
507 783 403
783 888 964
888 306 56
306 252 726
252 872 321
872 273 742
273 561 257
561 757 35
757 606 874
606 630 372
630 725 734
725 954 357
954 719 621
719 523 772
523 938 723
938 8 370
8 265 277
265 67 306
67 195 290
195 30 218
30 42 961
42 670 928
670 591 95
591 928 152
928 417 141
417 188 563
188 786 131
786 192 279
192 846 923
846 595 990
595 199 730
199 65 300
65 981 251
981 708 749
708 373 48
373 470 19
470 375 89
375 815 606
815 78 977
78 582 821
582 287 995
287 874 711
874 348 580
348 209 793
209 738 543
738 736 329
736 648 808
648 585 578
585 838 931
838 576 247
576 898 359
898 530 206
530 281 144
281 744 611
744 697 888
697 526 521
526 539 116
539 399 49
399 381 96
381 474 34
474 314 36
314 925 60
925 549 726
549 468 524
468 421 57
421 219 744
219 392 476
392 919 309
919 653 612
653 973 139
973 386 124
386 737 388
737 532 295
532 497 938
497 127 928
127 144 199
144 589 536
589 767 354
767 100 601
100 772 668
772 197 999
197 28 200
28 397 828
397 554 298
554 236 140
236 597 703
597 173 178
173 385 951
385 909 92
909 341 643
341 95 305
95 217 141
217 956 633
956 342 444
342 207 498
207 239 594
239 193 568
193 129 161
129 701 197
701 35 631
35 500 315
500 918 3
918 340 317
340 791 372
791 18 602
18 801 937
801 565 288
565 183 43
183 544 99
544 142 561
142 930 393
930 157 500
157 992 738
992 20 552
20 424 363
424 890 785
890 498 667
498 456 729
456 782 502
782 162 951
162 844 650
844 54 16
54 185 261
185 726 435
726 828 267
828 685 809
685 538 260
538 506 255
506 434 45
434 517 210
517 325 813
325 147 822
147 932 889
932 827 581
827 37 25
37 105 360
105 413 661
413 249 104
249 586 572
586 446 934
446 15 58
15 322 534
322 405 418
405 176 526
176 941 651
941 353 67
353 792 982
792 383 126
383 393 905
393 414 682
414 5 640
5 884 405
884 117 860
117 853 920
853 761 963
761 546 380
546 936 931
936 553 424
553 858 178
858 911 517
911 616 820
616 175 53
175 155 886
155 0 899
0 551 413
551 935 246
935 469 305
469 627 119
627 750 806
750 695 496
695 255 602
255 359 631
359 260 988
260 814 412
814 564 298
564 615 581
615 762 784
762 777 240
777 317 9
317 883 940
883 607 318
607 370 550
370 559 218
559 77 843
77 283 989
283 362 983
362 308 818
308 985 86
985 580 541
580 727 346
727 800 890
800 755 916
755 174 803
174 104 989
104 205 628
205 620 19
620 892 289
892 495 156
495 94 115
94 4 372
4 327 469
327 499 362
499 344 952
344 882 52
882 274 523
274 488 455
488 140 932
140 545 97
545 810 409
810 768 905
768 661 956
661 841 903
841 279 240
279 776 819
776 14 889
14 384 425
384 779 262
779 997 188
997 689 361
689 108 152
108 780 878
780 118 505
118 163 667
163 921 877
921 291 522
291 886 971
886 429 240
429 13 718
13 40 196
40 46 40
46 682 952
682 687 658
687 821 866
821 854 472
854 138 819
138 609 742
609 852 411
852 970 433
970 339 412
339 636 576
636 675 543
675 170 901
170 401 845
401 350 13
350 614 466
614 411 861
411 337 433
337 805 311
805 349 286
349 345 365
345 676 407
676 471 386
471 893 359
893 684 433
684 116 713
116 464 311
464 535 467
535 153 349
153 647 319
647 505 838
505 457 819
457 423 610
423 10 60
10 430 993
430 850 662
850 66 632
66 227 865
227 214 234
214 156 872
156 820 477
820 198 638
198 587 220
587 633 733
633 220 16
220 221 408
221 250 747
250 159 893
159 908 89
908 654 703
654 864 606
864 833 991
833 679 39
679 115 559
115 27 391
27 32 239
32 816 337
816 878 329
878 710 782
710 184 602
184 224 356
224 22 612
22 651 762
651 231 710
390 102 365
209 163 996
770 796 3976
457 478 3382
6 247 3826
543 57 1764
372 0 4475
46 653 1139
695 677 2775
836 761 1215
399 361 4599
158 380 764
849 271 2042
176 614 1791
181 211 1664
661 627 680
200 635 3920
621 320 3237
838 478 3193
222 576 2037
532 89 4306
732 673 1806
444 688 2906
483 770 4651
518 745 2941
733 178 3147
936 309 489
462 732 874
562 913 4358
982 599 4666
93 161 3071
335 571 2901
714 707 1857
876 970 4550
809 529 2018
126 698 761
739 362 1534
62 68 2437
876 42 457
965 28 146
887 975 4915
866 517 3635
344 796 4220
678 800 2350
11 524 3972
935 443 3012
878 363 2251
889 550 3065
825 710 2429
818 239 1719
533 763 1873
394 611 4466
615 601 4502
203 109 3821
619 586 147
609 638 1103
599 885 4635
568 431 1731
280 334 3908
988 646 2993
57 881 2129
800 996 4098
81 785 2695
157 501 3694
934 348 1233
908 430 1093
72 676 4808
721 456 3574
672 374 1623
457 778 1925
818 52 472
250 483 3481
11 135 3016
550 561 4060
999 995 2755
752 672 736
187 716 116
0 102 4314
125 712 4354
81 64 3894
472 404 1674
407 52 1882
815 825 4008
130 838 3262
496 846 1682
943 270 947
911 523 3170
14 529 2482
837 727 1077
42 27 3524
44 4 2294
622 833 3698
741 58 3128
613 214 3019
800 831 825
765 175 3406
501 449 3212
464 569 4446
908 871 511
880 616 3484
95 671 2949
869 811 1174
175 236 91
711 253 750
909 137 2357
491 827 3726
450 299 4051
324 367 2368
936 70 1777
930 114 3455
572 4 4316
137 316 4695
500 251 4473
378 422 1250
801 812 3918
702 565 4498
878 268 1347
673 849 3625
75 267 3009
309 935 863
287 452 1762
154 632 717
509 8 3267
188 300 1759
40 878 397
268 275 3293
348 96 963
983 199 803
440 765 3028
620 930 4575
329 852 4338
700 322 4640
264 326 3222
507 170 3906
6 521 4452
529 687 1407
963 912 4720
993 230 3832
316 665 251
115 244 783
270 657 2945
327 782 522
668 255 1712
980 182 2424
85 154 3604
542 286 2022
236 784 499
472 463 1404
962 264 2055
326 971 584
846 368 2628
200 583 2844
193 908 4277
430 312 2669
421 912 2632
113 697 157
80 44 2041
93 812 2924
822 858 101
854 273 1182
359 171 1052
803 824 1950
643 63 3964
365 491 2512
649 655 2852
857 564 2965
784 601 3722
782 570 3111
93 97 3781
940 153 4673
768 419 849
478 714 231
985 206 4154
897 297 1210
571 583 3978
315 348 3446
357 588 3698
385 366 4537
482 127 4435
189 360 3347
524 179 358
413 793 4120
6 186 4027
167 377 810
184 568 1781
919 500 107
943 782 58
982 241 4268
915 978 4845
225 74 4518
387 371 2218
578 550 2160
274 234 666
457 111 1304
411 218 1057
599 132 4034
194 471 3669
44 282 547
772 8 3018
320 146 1206
921 286 3237
807 419 3136
640 759 2994
468 249 1326
692 467 2711
146 636 4246
709 170 3647
525 914 3289
876 94 4107
203 752 3458
466 53 3457
578 59 2010
814 780 107
777 239 4865
43 760 873
245 39 3731
716 625 4156
332 32 326
801 388 634
359 286 1570
772 162 4011
776 301 2582
747 399 4123
588 348 4575
858 661 1816
427 394 4024
537 308 2467
266 776 2612
128 780 2653
259 428 3627
213 209 4716
449 765 321
971 522 2087
629 426 2795
582 85 4226
753 132 2704
122 647 3348
669 179 1152
486 448 1303
742 832 3227
7 988 4921
198 55 1418
555 106 2269
242 208 1224
481 73 3746
338 854 361
873 817 4953
116 218 4485
636 392 2927
819 7 3664
246 180 4638
191 332 4183
959 280 1104
32 326 4761
81 917 357
230 271 3976
965 208 76
737 226 4045
119 163 1480
702 639 4643
333 209 1665
763 574 1136
671 228 4318
297 712 221
380 878 4240
32 605 3279
513 866 1651
340 97 1281
735 388 1745
457 926 4406
439 599 800
325 629 3068
57 48 290
105 21 1054
140 579 705
225 89 2561
371 877 3643
467 241 2818
104 575 2211
81 527 4039
226 950 4772
946 906 348
330 684 142
995 771 426
449 913 2640
395 189 2332
421 37 1613
5 955 749
132 938 3047
82 591 3851
863 93 2526
382 444 3005
477 376 356
867 708 3534
70 181 3394
297 563 3572
940 955 2568
905 103 3686
95 515 1546
559 296 3970
8 98 4928
370 701 2346
543 990 1328
517 237 1367
357 377 3943
210 508 3428
174 983 4272
179 986 377
10 913 3605
707 730 4323
845 187 2814
942 181 4176
455 202 1839
334 704 2090
879 607 1054
483 584 3733
237 750 3786
392 424 1969
415 9 3409
674 169 537
954 271 2890
307 815 1093
92 625 348
524 440 3646
835 211 179
43 67 1773
757 921 2044
431 360 268
152 880 2241
297 106 1904
624 990 2939
767 377 2587
724 909 4463
323 409 4208
648 188 4952
452 871 3818
714 97 3570
36 326 628
760 428 406
656 974 2544
889 811 4588
227 284 1358
757 182 4454
134 975 2379
499 612 1908
332 968 2471
649 752 4432
510 244 435
321 283 2709
776 468 3658
804 482 3446
677 953 2671
233 448 4217
244 276 2630
944 638 3874
166 242 1279
32 278 3140
295 332 2984
702 56 2777
739 406 4798
589 302 2959
423 382 2028
251 976 1199
467 943 4298
225 822 1586
923 715 657
283 466 1156
823 212 1020
456 213 1616
434 578 2069
678 538 2042
53 562 2581
911 127 3115
900 863 3883
595 776 4242
153 717 4713
72 155 1662
854 56 3076
117 204 1002
969 371 344
993 615 4186
994 465 3532
460 74 3375
479 714 2682
718 55 2017
793 797 2593
362 978 2526
565 775 1915
801 471 1123
392 251 949
728 742 932
195 731 3096
399 270 4854
274 318 474
732 188 972
922 894 4176
567 223 884
1 251 3944
613 583 4918
505 432 626
823 732 1826
787 81 2470
14 439 3700
851 561 4783
118 567 1604
38 771 4589
701 79 2424
549 971 2342
722 296 1058
87 602 1053
150 769 1248
675 265 4430
597 574 2566
338 285 3652
348 670 3150
757 515 2812
881 93 264
310 184 2532
422 964 3976
278 491 1667
363 520 2767
263 479 1273
280 195 528
471 606 2136
900 743 4047
938 284 3360
13 189 1867
482 914 3640
216 244 4018
476 338 2495
758 741 1965
761 591 1052
488 874 4051
241 235 1752
855 904 2537
983 282 4850
395 641 2018
405 903 2747
652 620 4244
221 971 181
929 545 600
268 458 1570
574 932 1456
932 118 2189
307 249 170
205 295 2107
838 449 4558
548 780 308
927 220 2283
764 46 2234
538 29 1108
704 39 4666
251 305 1275
779 758 373
863 747 1292
387 656 734
63 472 1728
34 115 2219
738 44 1116
315 377 512
475 455 3454
1 322 3634
301 228 1848
117 587 1551
937 215 236
614 750 3017
215 659 1084
365 930 4103
802 751 2462
273 2 4514
94 302 2738
311 604 2517
485 1 17
696 780 2367
518 886 2689
507 344 2372
167 563 807
508 546 1497
289 757 575
851 486 188
240 13 1765
87 727 1755
563 463 2976
40 186 1616
447 812 1608
584 149 2576
52 23 1007
378 859 1771
179 856 1519
833 387 3481
356 86 4961
230 20 3340
652 909 3854
167 932 3431
612 298 1666
971 839 454
11 955 1600
267 87 2844
451 644 1759
155 969 4126
805 439 569
