93 21189 92
109 977 372 559 102 326 252 745 469 423 926 785 777 775 992 799 753 894 459 369 448 534 44 585 797 938 455 164 321 240 808 620 568 94 993 259 551 181 402 80 726 302 309 628 161 775 218 100 572 665 187 761 143 572 407 945 147 97 636 436 290 547 877 497 955 758 525 273 801 73 112 614 504 73 714 11 242 252 211 2 482 684 807 774 132 423 151 819 160 389 267 414 819 
22
26
44
47
87
91
79
66
70
91
35
90
89
28
81
70
33
61
45
65
9
55
33
52
26
73
85
87
11
89
18
40
66
49
86
65
87
63
27
91
43
65
64
19
6
37
76
36
54
27
45
49
2
31
79
48
14
70
17
69
77
62
31
31
54
37
29
32
78
49
40
74
19
92
81
11
63
34
63
55
93
24
44
92
74
68
63
74
81
89
59
64
