79 17030 67
811 740 132 244 513 449 219 287 571 809 264 895 947 12 255 994 477 319 352 99 691 701 214 693 353 327 733 532 55 558 973 228 325 629 979 991 216 350 7 251 84 483 129 637 554 828 789 948 711 393 818 799 905 432 578 484 736 280 160 591 348 852 788 981 884 304 859 322 787 867 917 81 441 631 7 679 361 284 352 
36
44
26
37
73
43
8
76
79
2
35
22
32
13
47
46
69
60
55
46
74
56
22
71
40
52
77
15
38
5
61
31
53
69
58
32
19
59
19
32
42
34
28
14
27
40
65
5
2
2
69
22
62
53
50
13
19
4
24
49
59
34
18
35
23
65
45
