509 6567643 909
609 542 814 481 80 905 899 796 155 903 660 645 688 372 820 801 907 823 132 908 51 705 651 308 235 102 293 363 796 901 212 831 31 334 455 599 571 254 452 349 801 791 452 839 732 230 504 619 889 938 685 598 177 559 665 224 971 985 626 895 745 821 701 535 463 843 731 466 118 195 678 216 192 122 453 104 520 559 251 627 584 542 805 799 803 561 204 46 394 314 85 41 268 226 133 404 876 63 99 894 267 278 168 69 755 69 538 740 612 277 424 238 257 430 498 739 950 242 61 53 590 489 726 623 356 712 444 87 624 385 316 2 308 283 710 55 235 990 143 84 107 388 792 14 84 583 538 961 180 689 958 996 554 767 898 297 425 894 496 117 175 585 231 17 546 71 962 263 83 836 535 851 324 857 313 518 93 842 53 106 9 214 814 562 602 854 723 827 164 616 349 558 115 627 197 473 503 467 574 251 540 745 749 852 532 202 148 784 158 496 417 132 231 213 215 918 958 53 413 284 13 807 995 147 140 70 661 537 445 113 862 785 489 246 382 210 74 231 591 256 802 434 622 360 589 310 942 696 904 120 484 108 893 886 826 834 329 659 102 422 126 411 542 839 197 524 597 627 980 242 661 650 657 462 899 421 105 418 707 208 157 404 479 786 207 562 695 36 345 262 832 181 309 518 794 592 778 151 855 167 761 824 781 87 946 308 840 53 285 472 359 767 24 438 510 171 371 36 857 380 25 937 661 969 238 145 460 224 726 93 914 473 471 585 302 697 797 296 68 832 851 695 739 628 660 148 514 957 18 64 27 225 263 333 25 516 908 764 316 66 386 236 361 495 855 159 38 544 192 198 774 376 64 536 821 252 863 114 463 145 795 423 323 348 595 287 131 391 793 866 804 712 747 591 819 818 193 205 941 906 961 914 647 941 881 532 777 308 281 779 364 581 828 912 321 523 939 291 952 4 116 966 90 167 384 823 472 70 726 400 152 527 577 998 532 353 791 708 975 936 946 297 580 473 257 559 736 731 797 698 347 337 848 603 950 706 250 254 539 987 964 446 18 361 631 130 719 282 242 849 655 10 0 156 714 76 175 7 743 368 581 43 155 478 706 603 411 278 945 597 67 138 374 69 279 568 32 176 650 438 429 294 311 557 438 29 992 753 218 
177
57
438
255
365
230
467
461
484
358
97
240
355
39
13
401
205
463
118
232
371
447
348
81
318
152
459
405
453
467
83
487
436
96
283
471
303
87
374
133
502
231
327
229
60
55
272
130
312
20
381
169
65
81
231
324
504
111
302
477
412
449
299
472
82
421
283
485
7
134
240
124
377
250
193
10
357
69
380
404
20
110
469
504
416
148
131
450
417
289
34
17
42
189
334
263
433
247
171
184
107
496
58
118
276
30
326
217
463
309
13
345
47
350
46
123
166
397
210
333
160
163
313
283
330
25
63
282
269
423
311
189
319
164
163
437
498
59
73
182
396
259
262
151
219
468
424
45
194
464
83
39
417
340
4
206
135
111
337
184
27
129
350
323
142
245
464
440
329
232
174
284
469
305
19
21
441
239
358
359
273
64
338
10
285
71
191
401
456
172
246
136
216
177
59
375
130
78
2
508
462
177
401
231
14
400
167
212
427
53
56
424
84
323
186
496
145
309
356
372
40
392
115
238
76
27
214
352
304
224
196
254
196
261
392
462
180
387
20
283
24
283
417
265
112
218
134
156
124
395
289
283
405
144
285
140
445
15
307
169
402
304
128
118
362
75
345
235
501
502
63
44
363
333
166
253
53
15
135
319
37
104
90
207
436
20
489
318
133
73
397
20
73
18
500
406
269
336
4
50
230
231
35
446
285
349
499
155
210
181
168
20
408
268
356
176
328
246
31
42
307
433
401
388
279
285
500
93
126
21
501
369
315
477
143
215
38
332
442
85
289
119
103
456
430
239
211
322
505
362
20
289
231
167
294
317
172
451
170
437
274
197
355
416
211
182
110
491
195
141
407
503
99
261
469
88
63
373
43
37
156
51
380
388
134
46
102
349
215
66
86
405
41
505
422
203
302
20
59
375
507
376
351
58
59
292
101
297
356
496
419
23
34
23
165
235
116
248
222
482
399
283
328
298
287
256
345
159
58
106
263
241
224
352
288
287
305
482
270
431
13
226
308
432
359
436
231
485
226
175
90
42
374
298
179
354
36
75
388
38
256
254
127
393
252
316
283
23
58
288
428
88
29
370
193
114
434
247
185
270
136
477
403
296
141
20
404
40
160
254
303
328
379
158
224
120
45
53
72
230
362
260
427
10
136
195
486
493
232
83
482
179
349
135
2
121
188
135
8
38
204
238
268
336
7
488
193
107
205
285
146
311
448
204
461
46
7
471
251
94
281
77
8
37
39
23
327
334
21
73
498
509
352
409
460
225
476
78
329
336
321
253
224
396
477
319
491
107
212
236
325
84
438
187
472
111
420
422
327
383
332
293
163
474
159
53
341
187
363
194
62
406
499
325
204
265
204
497
500
101
119
101
390
65
159
125
42
159
172
258
23
443
128
315
426
350
330
21
129
4
382
145
499
169
23
214
355
492
185
75
174
190
310
84
371
55
15
322
341
318
329
160
508
338
239
244
316
234
118
199
93
55
455
17
90
428
29
61
49
214
312
120
238
152
290
61
501
34
172
136
88
213
282
227
193
304
68
457
222
94
237
261
243
495
291
100
176
267
130
246
298
2
328
251
44
333
337
397
496
79
6
472
63
424
377
161
402
418
265
322
108
20
270
53
380
430
141
254
84
42
456
45
388
328
135
162
359
253
350
38
380
105
204
336
45
62
208
216
355
274
246
371
402
231
434
425
430
202
43
415
175
423
316
119
105
421
123
264
448
2
43
333
420
181
344
404
411
467
136
441
277
325
162
254
33
244
132
488
178
183
327
406
12
107
359
218
178
429
273
406
363
497
348
258
236
283
232
347
222
109
206
163
319
419
267
276
365
272
295
351
289
76
25
128
448
140
31
142
501
24
94
328
111
482
354
424
206
33
479
420
91
387
33
411
498
175
92
309
368
400
18
176
275
506
239
70
259
173
379
305
317
49
281
287
42
427
305
406
375
164
266
9
10
24
309
353
180
10
412
45
52
266
55
37
275
342
78
413
407
229
160
86
329
237
161
370
80
31
321
338
209
485
25
478
509
413
149
471
316
495
192
23
340
267
22
501
224
269
148
