535 569065267 575
837 189 688 822 100 240 717 147 413 200 608 269 871 951 716 398 934 340 190 498 818 616 272 41 628 344 541 612 191 36 235 981 726 469 315 272 679 639 491 619 729 498 129 237 285 199 30 288 116 119 647 268 98 328 635 157 128 469 229 71 415 587 655 51 477 602 209 908 214 951 21 484 961 162 137 779 144 782 67 989 625 981 352 164 506 274 252 855 706 305 359 126 157 139 784 326 32 2 578 289 151 970 639 788 689 967 968 124 885 105 849 200 64 826 900 798 122 392 493 414 232 219 490 220 330 347 579 377 923 475 929 609 211 777 547 47 546 867 729 609 160 69 799 40 416 626 708 620 246 907 188 323 694 964 540 106 592 150 462 189 318 743 330 843 329 949 143 720 75 947 827 668 163 392 9 156 249 65 499 657 720 802 304 11 927 952 196 112 616 249 725 10 243 392 151 66 193 612 287 736 938 945 493 50 515 284 31 605 306 689 288 568 603 556 798 911 881 247 976 670 554 630 382 240 835 928 60 464 500 919 240 497 904 724 262 872 904 714 818 919 650 962 394 794 434 199 763 391 889 307 161 49 43 774 855 541 612 511 287 791 899 513 929 348 334 864 230 556 176 732 783 628 722 211 696 876 34 313 490 770 394 244 132 362 732 978 20 517 205 958 361 377 582 591 4 102 495 8 260 105 253 90 741 411 345 214 637 462 174 180 935 95 694 826 298 761 752 33 161 983 99 946 111 392 695 372 258 519 505 254 312 888 6 619 703 686 192 342 961 246 636 429 248 628 993 679 636 299 715 756 753 691 419 72 457 111 394 572 409 354 861 822 642 846 791 646 347 603 315 683 442 817 686 179 515 565 815 147 419 76 983 245 938 662 141 855 827 647 583 718 903 781 382 851 806 497 707 517 545 992 616 390 951 545 602 49 954 109 67 640 483 27 663 628 55 63 360 672 206 156 120 837 322 970 324 608 392 463 134 401 839 152 375 596 125 171 880 735 38 874 298 281 966 931 611 786 109 64 545 822 680 166 403 708 180 34 265 281 819 675 406 161 961 593 256 765 432 744 26 162 116 207 378 320 301 930 163 155 38 776 19 259 97 779 48 198 186 296 162 183 66 432 599 481 314 557 769 547 636 414 31 810 731 931 351 398 486 684 407 135 972 44 483 799 874 461 420 134 717 811 823 281 416 345 539 329 231 966 540 247 802 176 368 650 354 
373
82
266
234
290
294
187
14
293
190
443
17
132
227
87
176
396
95
11
503
265
534
418
143
24
353
83
143
488
39
426
198
375
39
360
505
359
511
426
312
263
531
67
526
270
233
507
417
231
89
44
398
327
294
521
163
356
216
508
268
263
458
430
433
380
276
494
149
353
138
196
314
485
5
207
258
155
320
426
124
404
310
495
290
133
427
157
158
346
477
15
322
289
403
475
397
150
61
92
262
358
157
463
95
104
10
40
242
474
208
49
60
3
179
463
373
463
227
6
405
271
479
468
237
275
248
275
453
375
438
200
7
513
48
142
534
257
114
504
245
93
123
470
319
380
356
2
114
14
298
295
113
523
142
405
279
518
474
32
30
260
81
151
355
209
467
510
110
328
186
149
371
338
395
62
333
332
204
260
520
210
10
4
238
416
358
126
523
32
459
34
165
68
108
498
344
96
169
390
246
361
1
85
124
451
391
92
341
117
324
398
529
123
445
75
400
52
183
85
441
293
356
123
163
48
473
213
17
209
419
432
497
517
439
110
152
265
246
180
449
377
421
265
87
217
243
197
355
190
320
355
383
424
424
229
402
437
497
428
426
371
180
437
22
145
282
173
103
65
473
300
370
141
504
405
148
206
25
417
1
238
32
495
231
4
354
504
193
391
75
156
18
322
123
428
392
320
351
244
232
60
349
246
488
27
86
307
398
394
116
466
308
128
498
220
77
403
213
517
458
120
476
302
388
127
225
248
237
96
37
316
194
242
325
300
120
110
321
19
59
340
407
432
379
312
390
200
480
240
437
328
384
361
332
190
527
442
28
95
67
256
105
535
519
127
423
165
61
446
394
144
164
188
360
223
523
295
157
191
468
57
499
219
231
497
454
98
298
501
517
389
527
96
152
134
69
218
234
31
39
149
466
103
79
139
212
504
251
507
419
505
343
320
107
289
398
301
216
59
173
399
377
33
397
508
485
102
53
139
522
177
54
322
65
272
175
45
436
19
16
293
97
272
345
208
415
194
486
471
237
528
293
416
533
23
331
229
509
382
276
232
420
33
375
50
496
515
94
217
273
278
141
191
287
378
516
30
272
476
501
354
101
509
63
88
146
373
186
124
70
266
216
97
98
55
77
147
427
451
80
481
406
68
417
189
117
397
437
278
100
297
452
220
234
233
304
71
351
518
490
511
388
409
489
187
234
516
105
73
435
116
53
51
149
272
373
532
91
322
23
28
297
376
220
194
430
348
163
141
250
111
172
224
179
145
180
75
274
40
78
482
467
374
399
337
531
387
75
382
217
34
67
419
158
318
