561 54201921 474
65 837 828 427 120 840 534 500 936 497 292 895 789 264 347 731 961 123 984 823 319 792 894 774 286 585 790 861 323 437 994 396 155 604 175 946 50 24 264 889 392 205 543 900 839 903 292 223 343 37 609 940 284 834 871 355 20 218 98 984 351 619 344 568 491 627 688 85 575 442 629 753 730 202 85 188 33 4 884 614 932 684 635 531 474 989 300 928 18 297 632 211 47 52 433 248 190 207 321 950 301 661 845 242 622 863 663 510 158 668 538 898 872 221 565 592 29 806 190 775 876 949 518 818 304 982 980 668 486 830 541 216 113 5 119 774 591 8 50 132 477 15 807 66 483 934 879 15 312 388 153 651 834 897 446 651 760 672 429 260 725 901 694 668 848 826 325 176 333 58 853 486 3 192 706 529 670 288 208 472 430 125 58 726 251 785 936 133 67 882 100 199 371 157 106 661 885 21 1 486 600 880 238 514 498 100 915 427 718 145 895 4 974 635 380 167 68 175 273 56 94 188 770 598 795 50 460 391 289 724 619 475 54 466 143 797 467 461 310 846 497 490 166 963 545 353 584 87 874 494 840 256 458 662 885 512 159 629 207 158 936 880 315 122 471 939 598 221 638 958 905 606 51 962 493 329 964 944 272 331 366 349 785 673 257 394 347 263 65 654 891 308 856 929 216 349 212 867 667 44 10 357 701 471 746 120 170 606 62 889 509 424 627 212 87 351 131 766 466 321 437 956 561 817 416 600 793 77 284 150 712 302 541 389 839 676 588 654 588 925 156 428 758 627 324 474 759 643 411 446 478 421 839 76 890 973 145 644 767 643 71 406 924 196 461 867 655 397 174 904 375 522 307 559 944 143 503 179 639 6 170 67 553 711 689 157 521 639 109 571 1 114 282 374 527 176 485 94 150 813 6 866 991 150 324 567 394 911 853 500 603 475 498 608 789 339 46 51 726 44 124 442 554 771 530 658 311 591 544 137 789 513 174 193 984 725 233 762 366 546 385 529 617 653 229 11 484 397 28 946 277 732 959 814 145 362 281 309 362 363 584 612 168 825 145 399 145 205 74 475 578 403 20 749 888 517 417 302 333 182 457 210 39 343 391 529 962 578 381 770 331 726 559 156 349 547 505 918 888 391 635 60 886 40 264 31 981 616 861 205 231 465 942 606 179 835 216 718 58 848 259 343 901 281 644 905 57 153 950 367 863 656 916 897 869 223 265 907 758 808 374 792 1 219 4 285 631 528 177 740 745 275 257 519 115 939 759 541 216 121 293 
126
322
194
256
230
147
356
69
152
116
323
427
262
466
48
236
386
157
198
79
269
85
218
234
408
375
307
188
126
370
123
500
219
57
56
87
208
369
386
152
471
210
202
533
357
199
494
494
380
82
175
136
480
92
229
9
134
66
516
158
82
497
540
247
239
497
430
213
553
368
227
360
105
50
341
368
523
279
98
523
539
383
110
295
430
365
211
179
218
27
13
250
96
434
314
311
80
54
322
365
41
359
236
39
435
322
142
383
413
200
557
228
369
533
242
277
296
143
408
291
84
537
112
229
89
497
158
18
84
484
542
128
25
290
14
187
53
539
254
319
16
110
244
372
56
182
503
93
162
542
312
321
398
142
8
377
113
405
461
551
511
124
346
496
435
73
65
524
372
192
99
208
10
89
114
210
365
512
260
166
340
369
216
290
58
39
371
371
22
300
169
257
55
526
463
303
185
13
11
46
221
402
475
264
85
415
471
419
394
79
27
188
154
207
423
88
93
152
83
404
236
361
154
230
461
516
399
126
462
49
276
527
256
558
493
228
266
201
47
64
379
93
210
165
515
471
455
105
98
23
297
297
511
195
274
81
227
320
242
494
214
182
500
316
131
354
181
328
378
312
187
65
115
157
350
490
548
189
204
142
14
165
375
384
511
137
95
484
113
243
307
111
203
377
134
536
408
559
149
448
46
552
103
189
203
486
314
522
177
32
231
174
132
478
366
65
27
483
57
173
104
438
372
441
301
332
192
471
442
335
344
65
122
359
268
46
12
151
454
133
247
179
448
243
197
506
444
151
437
472
537
423
431
116
340
98
182
371
44
33
370
143
277
197
139
23
374
438
178
414
223
377
484
205
216
365
304
509
476
183
88
97
111
109
424
348
9
460
315
218
391
560
243
66
372
134
88
233
353
325
102
142
555
148
515
214
255
494
462
160
95
320
61
78
66
520
17
372
93
282
49
453
394
195
231
364
161
373
429
416
47
320
326
295
492
540
100
141
76
556
441
435
310
477
188
333
19
343
27
63
309
522
216
498
471
518
523
481
218
216
397
393
197
416
55
327
424
128
24
446
88
320
55
472
