1685
586 7691
-6913 9733
-4331 -1208
-8454 -2071
4777 -3857
-2111 -4886
-6911 -5722
-5556 8532
7480 -9406
-8285 -2822
3875 -5667
-1852 -8687
-872 7908
-2478 -2426
-3082 3390
-3021 -4138
7109 2550
1183 2053
-5458 7239
-8076 -2035
-5641 -3349
-2576 1755
7487 -9951
7826 9505
193 981
3815 1421
7166 70
-5511 -4992
-1095 -7730
-9418 -1858
9180 1429
-636 -8614
-2430 223
-8182 -5011
-110 9932
-1399 2485
-3994 2019
1057 5153
-5913 -633
-4656 -5043
3434 3110
2033 -7198
9787 5464
5980 -8946
7121 -8952
-8937 -2266
-170 5473
-499 9837
-87 9556
-5177 -5393
5665 -1242
2735 -6924
7462 -424
5964 -634
-9810 -5674
-2420 -205
442 -2025
3212 -7347
8294 -1139
2407 -8008
7401 4332
1622 8976
-3733 6131
2297 -5463
-7943 -8736
2445 1054
-3230 6551
-9094 -401
2418 -2196
1289 -3136
-2421 2174
-3882 -3082
5377 5937
9740 9195
-6549 2924
1841 -3427
5800 1391
8109 -692
-9253 -9426
4474 -4616
6631 4917
-9293 -4514
4841 -3050
-3712 5830
3950 5626
6336 5081
3446 -950
1835 3783
6768 1940
1199 2238
9888 -6290
3421 -9286
-487 -4343
9119 -5858
-8290 -3862
1626 -5920
7275 662
2993 -9063
8751 9730
848 -2484
-235 6185
3025 7676
-1219 -6144
-9824 -506
786 -4775
-6813 263
-6143 8444
3627 -1205
1938 5967
3835 -5294
7362 7656
-6726 -3702
1401 4096
8669 7215
655 -6638
2225 -6940
-7198 3383
-8921 3616
-4728 2439
3750 8229
-3112 5257
1501 3990
1807 -628
-757 6603
1722 7282
-4674 7698
7772 2963
-3156 -6513
5079 1712
1700 802
1283 4631
-1038 -7781
9559 -3625
8975 9779
-7192 -8682
-9751 -2721
349 -4208
1370 -8263
8118 3173
-8768 7940
7126 2275
7347 9027
-365 9187
-8300 -2011
2153 4697
2444 -4952
-1048 -3378
-4101 5199
-6056 8798
4938 -6706
-7544 6665
-1763 3915
-630 -1564
1142 5320
-5983 6762
-8354 1049
-1903 -1528
-7844 8758
6916 -9083
2207 6680
2340 -3121
-235 -93
-8345 912
1779 4865
4924 4907
-4012 -7171
-471 -2820
229 1722
7203 4337
-7065 1084
-3055 -2642
-5176 -8555
-8535 -1464
-8725 -1382
394 6644
-912 -6028
8574 4673
6953 -9975
8206 8327
-1579 7572
188 1101
-2593 -8847
-2385 -1544
-8052 6254
-699 -1650
6731 8933
3575 -9901
-448 -3532
-1847 1443
6762 -6414
9849 6273
-2567 1208
4850 695
-5032 -4946
7406 8217
-5905 -2307
-686 -3147
9339 1899
-8563 9098
-7652 4213
-5489 -1927
-8060 7095
88 -1027
-2950 1972
-8431 6079
-1178 -2480
6156 3562
-1000 -4449
-8754 7146
4548 3811
-1347 -2948
-8809 -8643
-159 3507
-6257 -2182
-3744 7754
7743 2046
-1089 1341
-4256 -5973
-2491 2126
948 -5112
5417 7616
1095 2358
5628 4401
65 -7938
-4746 -102
5294 -19
-1525 -5811
1278 8441
3076 7220
-2740 4218
-2800 -5423
-1729 9926
1576 -2766
-3989 -5190
6156 -7158
-6729 -5599
-2282 7304
-2819 -4574
-7370 2055
-9153 5888
-692 -3572
5924 -5776
7352 5714
4112 -8808
7009 4693
8756 -7079
7086 -9195
-1289 9875
-9692 6522
968 7572
8273 -4275
-9893 6931
-489 352
5160 -9568
-8671 -2988
2585 9441
-2088 7393
-1554 -4474
-1365 -8864
992 -9561
-8007 -4550
3470 602
6792 1998
-1112 5047
-5069 157
6426 -7511
2965 -2485
7065 2383
770 -7430
2264 3981
-8716 -7369
-7514 -4372
-4777 -3485
6310 9547
1654 -7795
-8846 -2569
9135 6580
8628 -8448
5448 4932
1922 -3550
8910 8410
-8662 -2886
9723 9332
143 -9324
2583 -301
6769 3002
2351 -5393
-757 8090
3132 -5863
-3664 -6635
-3722 -1464
8954 7346
-9213 9832
3630 4153
6118 1279
-9417 -490
-3330 -5917
-8611 -2642
-2033 5770
-6082 5531
336 9568
-1579 421
-1592 -1857
4716 -6912
3340 -879
-9826 -2190
-4449 -5125
-3209 656
3218 -4748
2591 -6682
-4767 -6995
-1809 -7085
5979 2359
-5835 7987
9392 -9954
-3009 -8751
5528 -6600
-2639 1511
-2631 3022
-1402 -4426
-9790 -8804
4992 -7042
-2521 -7960
1501 8492
9551 -504
3721 4505
-863 8305
4106 -9798
-6470 -2005
8943 9563
4508 -8615
724 -5528
1702 342
5287 8163
-6254 -2847
-6943 -4514
-204 3325
6635 -6958
-247 1813
-5508 -6133
-6437 2964
8443 -6055
-5104 -5634
3521 -1345
8337 9602
-3985 -1845
-4449 8654
-4715 3290
8988 -4200
6060 5793
6776 6164
-6822 -5597
-9065 -2511
9172 -995
-3572 8139
-9589 -2853
6321 7878
8084 1412
-759 2782
-3214 228
7361 7402
-8795 8156
2314 7185
-6260 -6152
8236 -5649
6366 -463
-2796 5121
-5558 8157
-1719 -9318
806 7790
-9870 -1530
1006 5257
-5810 -7308
6636 4379
7882 -9670
4745 2518
-2983 -9624
-3560 -3958
-769 -2930
193 4265
7400 -4808
-8856 -9548
8531 -9869
5115 -8557
-5857 6253
7421 -7177
902 -3163
-7233 6947
-9779 -5910
5578 -7343
-9639 -9511
-3990 3307
748 -2649
1247 3266
-1128 -5797
5043 8910
4835 -1822
2596 -8612
8009 -7230
-4372 -3619
4152 5126
-2881 -9080
-4660 -219
6401 3732
-9599 -6147
-7369 4348
6021 8219
2485 8409
-7656 2981
2855 -177
-4181 1576
2421 4090
6299 -2959
-2579 4585
6950 -2209
9447 3027
-210 -8388
-1818 -5177
-2859 6274
7362 3276
5985 8929
-3375 8549
5850 2441
-1984 -9469
-2437 -7944
8381 6768
-6781 722
-6659 6623
-4043 4301
-3475 -503
950 9361
-5759 9143
6597 4618
4112 -5768
-3483 9575
9861 8811
-4253 -6490
5028 -4934
5480 -2007
-3534 3609
-8027 -363
-4177 6377
3801 1938
1363 -9073
-7423 -9986
7034 -9888
7180 -6902
-6045 3865
4351 -67
-4232 5626
-9383 -1652
-6423 -2740
-1309 -4283
-8971 9618
4337 1592
-6524 6193
8884 -9415
9202 -3613
-6171 593
5064 9384
-6619 -4355
1088 -5893
-666 7788
-3006 -609
-8745 -6343
5462 7989
1944 -2668
-4648 -3181
-3717 -3199
-4281 -6572
7520 3377
-9990 -1389
3727 -1816
-8876 5366
6104 -702
-9306 -4633
-3761 791
-7935 -8395
9409 -6299
6745 -9018
-6575 -6408
-5949 -5511
5094 -3063
9114 -2724
-8405 1353
-5353 -3927
3562 3525
7725 -8069
9636 3831
5707 -2191
3936 54
-6010 -9870
887 -6756
-5630 -5568
-2611 6306
8848 -6831
2552 6307
-1846 -4712
8573 9342
7474 -3016
9104 -7561
456 -5136
-8105 4076
-662 -8471
-5696 -3923
8677 1082
-9137 -7508
-2873 9070
9692 -9932
-5234 -8971
-562 -371
-2413 -1002
7998 -2931
-4467 -8094
-5336 -2999
-7845 -3974
5843 1315
-6103 -5252
-254 -5959
2989 8444
-9931 7310
-9593 -7841
3740 -2660
-1791 -5758
-5023 -5637
-8342 -3278
-3971 -9764
-4894 -617
8799 6162
-4594 -663
4544 4188
891 5524
-3765 8091
-4089 -1749
-9027 -7293
4967 4915
-9681 -6994
4237 -4345
-2981 9564
-4497 -5164
-3566 8669
1240 -9626
-4494 420
-3791 2068
1738 9418
-9720 -3628
-8080 4564
3178 -5601
8907 -7023
3769 -1156
-7569 -6300
527 8257
735 -8359
2068 -2804
9876 -5739
-9517 7117
-442 2177
120 662
9643 -272
-3462 8271
-4612 -2036
2383 -4260
-9033 -4411
5390 8106
5125 5223
6945 4299
7509 -2887
-2867 -9215
-6240 9555
-9556 -8894
8645 1851
-6575 1868
9827 527
4326 7835
4620 1458
2991 120
5805 -6043
5745 2371
6904 -8021
-207 -9202
4110 9622
-9208 -6265
-1843 -3656
-6017 -6476
-6368 -2535
1468 -2112
4515 9060
8951 -7450
2251 -4946
5148 -1635
-8916 -8794
-2841 5981
-1715 -3492
-7352 -3436
804 2744
858 2151
1462 -960
-4994 1717
963 2258
-9193 1657
5079 -3942
-1813 7822
-3369 3538
9572 5010
2718 6666
-8815 6304
-9338 7608
-5640 1243
404 -317
2873 -4612
9342 -6705
6933 314
8993 4237
-649 -1562
9256 -3334
-9507 2910
-9991 8526
8064 -737
2304 5475
5781 1885
-3923 7512
7336 -9464
6013 8817
-2896 -3540
9379 -8488
8115 6639
-2030 -6327
-9307 -5295
-9248 9313
1876 -9161
-1556 -1645
-4187 -1215
4403 -7537
-846 -4718
-9581 -8024
-8685 -734
-790 -78
9163 8941
9489 3056
-4291 -194
-7792 1369
6876 6806
9900 4406
8106 3213
-7202 6568
6418 -1424
7627 8325
-4076 -5621
9484 -8822
-9711 7566
-8067 8694
-7723 -9951
2414 -4698
2815 -4466
6250 4807
-24 -3949
6319 -2833
1328 -6558
-1713 -305
-6713 -53
-7816 7510
-8669 -390
-5240 -5345
-7485 9910
5187 -916
5966 4532
1159 -1846
7838 2053
499 2219
-3834 -8172
-6381 -4266
9060 -2713
2897 5764
4224 -8710
-2514 9166
-1592 807
-5173 -5893
5242 493
4292 6897
3777 -5425
2134 1557
-8354 8448
-7943 -6147
-9127 7010
4749 -6827
-4301 -3522
6637 1190
-8141 5979
715 -5119
-3602 8488
-2449 4288
-771 -2482
-7789 -4825
5765 -4714
-2638 8991
-4557 4898
946 -6901
357 4252
-3914 2302
-9266 9366
5663 3244
-7685 -2173
6476 5924
5365 8912
-8250 1565
-1058 -6701
576 -7949
4907 -8493
-3305 5472
2609 116
-5679 -8810
830 -6418
4798 -5065
-4280 -2157
3352 8773
7402 -2473
8489 -9739
1132 -7999
-3183 5904
-887 -3939
-370 -4891
-417 -8122
-571 -9165
-4529 -2816
-8977 -2442
9053 -3951
7466 -9585
-5521 9925
7577 -4499
9862 -3143
5942 -6556
550 6042
-7273 7778
4309 5954
5312 -3960
5237 -339
-6220 3703
-9441 -8341
-7240 -445
-4124 -213
3545 -1367
-1528 9544
-6573 3088
-8912 7953
8026 -3584
-7651 -4051
-9890 2080
-815 5660
2092 2766
-4578 8441
-4023 -6363
8748 -3368
5927 -8876
2862 6783
-6649 -9931
-8966 -6572
-6843 8615
-2005 -1203
-4475 -8873
-2234 -1207
-6216 1182
-567 8307
6931 -682
-3125 2657
8090 2161
-1506 357
5794 6669
4955 -8997
7507 7468
-6053 920
-6548 288
3001 1160
-7275 2671
4966 3885
1315 7961
9815 -5449
-5108 1246
5431 1651
9522 -2966
1530 -6811
2338 -7235
5135 -4517
1139 4095
-8132 -328
-5102 -7180
5116 7043
-2714 2646
1842 -5603
-4960 4736
9906 -3423
53 141
-3395 -6298
-5381 7241
-9613 3155
-8526 5952
8684 -5073
-8069 -7327
8012 -7989
9901 6696
-7807 1603
7492 -1830
-2179 2203
-5336 943
-6730 -9152
7584 -2752
7795 4540
-3389 -4377
3129 1313
-6431 5934
-2067 -4315
6126 -4892
7244 -5564
7604 9552
1513 7188
-3989 -4639
6397 3539
4246 -231
-9316 -4717
-1331 -4508
-1465 1952
4938 -6514
8513 8270
5978 -5433
3922 5781
2829 -8282
-4983 -5404
6299 -8492
-7950 -1501
9125 -7632
-3910 -5873
808 4799
8982 1921
2153 5170
-8152 -5052
2958 -8368
-6101 1963
1406 -9666
-3253 -3801
-8398 -5474
4270 -466
7507 -7953
-9187 -9582
-7094 7962
7855 -7736
8496 -211
-193 4552
-9851 4674
4967 6360
8698 -1113
-3699 3240
3893 -1937
4990 -9973
1936 -6263
-8362 2268
-3623 -8063
-1261 -6616
-4788 7156
2560 5425
9041 -3383
-28 9138
2610 4729
-5437 -2957
1015 -9761
8990 7993
-6714 5926
5908 -608
1089 5976
7074 2911
457 8920
6154 7699
3939 4551
-9253 3975
458 6813
8448 9398
6247 9324
6100 -9865
-9075 8804
1291 9533
-6267 6236
-7796 -9990
-7989 -3821
-8649 -9278
8303 8271
847 -1273
-7146 9205
-7474 571
-5720 -1071
-4671 3704
8431 5366
-8288 1761
6144 -9064
-746 8979
-4305 9624
1270 948
8 -1131
9260 -8672
1609 2968
5631 -7149
69 9088
-6312 -3896
-2928 -4856
9983 -5686
8753 -576
-4443 4928
-4241 -9224
-3529 -5358
-3919 -488
-5263 -3296
-4618 244
-8448 3173
1453 -2323
-1483 607
-5430 7223
-7491 -5464
-2189 1733
-3981 -199
2001 -464
6540 -3049
-5530 4212
6075 -9341
-8056 -5246
-3852 -2398
-1256 7733
2125 1492
2298 -1476
-2097 5722
-4667 -557
-677 -8902
-2855 4693
-1598 819
-4403 907
9143 1178
-9648 -9724
-9301 2069
-8751 9146
8519 -5830
6249 643
1181 -485
-2568 7770
-7664 -2131
-2158 4353
-8864 5100
3578 -6745
4808 4458
-6304 -6232
-6073 -4026
9075 4553
-4836 -9367
2682 -5530
5580 1441
7073 -6978
-4962 6290
2636 1764
-1712 -8848
-8938 3117
-7422 4178
9288 9818
-197 881
-4928 3698
5491 -9019
8287 -5872
3992 7742
-7109 7811
6523 -4164
-3398 -9404
1955 4753
-6196 -2459
5094 9621
-9234 419
-4873 4373
1084 -6055
-7383 6944
-9738 -1616
9515 7629
-8112 7982
-9738 -5662
-9112 -7646
229 -7650
-9829 -9471
2922 2095
4704 -3245
2479 -8026
6238 -4691
-3703 6459
1171 -5071
3257 9238
3665 -8892
4596 -4393
-1860 -5459
2169 2599
-3197 3742
209 5057
775 8304
2042 319
3444 2546
-3646 4304
-5364 8636
-1226 -994
7973 5556
-559 -6585
-1022 -1017
-6344 -1101
-5639 -8172
3529 3553
7623 2935
-1236 -8819
-6029 -9000
6794 475
9268 906
-6840 9845
5155 -5437
5997 835
-5065 -4750
8437 -8764
1385 -5655
-1490 -7927
543 6878
-6639 -4564
5831 1500
-516 -5275
4610 1768
1588 -1258
7935 -572
-9462 4180
7398 -1922
-8262 9488
-4593 -4495
-5304 -4571
9758 4041
6900 -5955
-6783 -5279
8972 2814
2601 -9790
-8702 -1310
-5571 -2240
-2943 4684
-9519 -8628
8888 8077
6200 7673
3770 -3619
-6710 -5860
4635 9228
-868 5166
7647 -5482
8943 -557
-119 3177
-6337 6022
-1441 -9227
109 -2616
-855 -6579
5098 -5535
4792 8030
8148 5488
6324 -3536
-9583 -77
3370 -4260
6196 -4479
3345 -5248
-7705 -6801
-5889 9479
-1777 2636
-7127 9595
-6917 944
5610 1575
8581 6688
4696 7932
-494 -4992
-8997 -5832
3691 -7799
5538 3781
9806 6658
-3776 6292
-2530 -9705
-2816 -1695
4347 -3707
-9873 820
5434 -5335
2214 9873
-4180 3798
-8293 8629
6858 -5398
6420 6625
5549 2554
-1143 8425
5383 -8276
6984 -1709
2741 -4812
-6159 -382
-765 2591
3077 -8009
8480 -3572
5784 9303
-7374 -2260
6700 -1190
4278 9108
7744 1158
-8965 9440
-7641 8749
-3199 -8141
-9354 5497
7067 -9454
-6580 7152
9800 -1094
7723 3570
-1771 4376
6105 7806
7312 1088
3516 3456
-8419 -8998
3850 -2717
9333 -1943
-7257 -6230
111 -6157
-7249 -6920
-5218 533
5365 -8583
4789 -9043
6710 8829
-1514 5082
8778 -5706
3493 -9156
-560 -8102
-6579 7880
-7819 7857
-2364 -3949
-8505 -2130
-4874 -700
-8060 -1158
-2688 -9488
6464 6770
-4498 -561
7699 -5028
-4819 5908
-3151 -4887
-3831 -4024
1490 7140
-3006 -2013
-3329 -6306
-5175 949
-9747 4101
9278 -13
-868 -8794
8195 -8639
4630 -5146
2636 9765
8204 -6064
-3013 -4782
5110 7116
140 -8103
-2453 8188
-2019 -8526
-2821 -2338
5826 -6713
-4236 -1446
7318 4696
-7635 3229
9696 177
-1399 -9624
7990 8490
3619 -4547
-6300 9439
57 8776
700 5777
8171 -9842
-7069 -8118
1884 -3246
-4359 -5136
6759 9145
8733 8829
6167 4058
36 -3071
3145 -1700
8129 -1482
3128 3786
-5852 4997
5633 4888
-1939 3868
-8859 3671
1065 5557
248 3386
-6080 -8346
-2333 1882
2894 -356
912 7810
-4847 -9906
-1488 -8255
-9293 -5677
-434 -6392
-9894 8579
-8203 -773
-5525 851
6854 3656
-3204 -4773
7537 6570
7237 -8394
-6752 166
-3098 7753
3783 -113
6163 -1890
-5700 305
4424 8678
-2298 4522
2517 -7006
-1525 -6550
4573 8195
7500 -7085
1467 6214
6505 36
5019 1923
3835 -4992
-9155 -4380
-1277 215
-4710 7361
-140 -6133
-5122 6477
-4006 2373
-26 4180
6190 1014
-8451 4000
-4503 -2725
-9288 -8521
1668 -2924
6555 -5873
7459 9437
-181 6370
3164 -6916
3686 -9863
-1120 -4482
5274 -7477
-6743 9773
9107 -8824
4231 -1503
2008 6866
-2735 9459
-9999 5066
7185 7001
2931 -9829
9060 -2913
-7772 3678
265 8280
-3802 2214
9820 1495
-8554 318
8038 -9991
-7060 -5692
2236 9022
-773 -674
-5535 -6097
-6062 -3593
-3748 -7936
-8973 -2706
-6555 710
-7997 -2092
3876 -1014
-1887 7087
2411 -7390
-2633 8454
-749 -6485
-1204 9421
-6666 6125
-351 -9088
2924 1883
-5554 -5112
9304 8786
334 -8094
-390 -833
6423 -4398
-6248 6511
8290 -7090
-4253 2702
-2209 -2600
5456 -2610
6321 4255
-2004 5785
7820 7389
8182 -7921
-6472 5748
-9053 8701
-3638 4054
21 -8903
-3416 -9988
24 8565
-1354 -8564
-2158 -843
-844 3185
-3497 -2681
841 -1423
9055 -3753
-9433 5275
5166 6097
-4487 -3032
1588 4734
5516 -5005
-1125 -3109
4733 -1723
-1067 3623
-8172 -9340
5451 -9928
5539 -3820
-4197 -7092
-1262 -2209
-4647 2449
-1220 2578
1557 9955
-2809 6723
562 6930
-2548 6135
7304 -1761
3283 9612
9094 904
918 -8741
-5001 -890
-472 -642
2283 -3958
-4818 -3276
-2654 -5522
5359 6574
3615 8450
-1628 -9803
-4353 1922
594 -2175
-3923 6969
5832 -9889
8243 2525
-7997 -9029
-5368 -170
-6972 -9490
9774 -9141
4931 3031
-797 8133
2832 8313
5873 -804
8046 -78
3362 974
4722 5255
3869 9495
-2484 9209
-1220 -5650
-591 -2403
-5856 -4055
-7830 9112
-8647 1486
-5881 -3337
4494 1630
-1489 -6144
-5230 -8202
9683 7783
8427 -1187
3809 3401
6581 -8867
-6024 -813
4862 -8823
-1535 -1407
8661 7108
-6737 -4690
-1206 4539
8694 -3987
5472 1052
5453 769
7323 -32
-7064 4752
-7427 -3969
5869 -6286
7709 -6023
260 -6339
3640 -7323
1586 105
1345 -6645
5396 -8373
5176 -1850
4592 252
-5277 2783
1802 6065
7992 -9763
6680 3409
3877 -789
-9684 2159
8653 8649
9074 -2175
-6279 -8228
-4751 -2696
-6093 8250
-2078 6721
8551 -9898
9305 -5433
6193 -7914
7948 -4279
8414 3757
5286 -7692
-6432 -5905
-3211 7539
8779 -2628
152 -895
-1635 9603
-926 1292
-5061 -977
3276 3752
6706 -3875
4646 914
-6922 3468
-3647 2711
-3251 3809
-4538 6397
-4246 -3188
2496 -333
8625 -9974
-930 1038
-6636 -7566
8264 -3594
5574 2786
7661 -1627
4806 2646
6024 -5605
-3441 268
-1918 -3997
6440 -1932
-4389 5700
8516 3467
-8796 -8005
-6543 -1600
9700 4930
5652 -9428
-2552 6216
-3921 -5299
7355 -9249
-8555 -8262
8213 2657
9924 -7856
4607 -2897
6349 -2907
2915 -7048
2896 -9259
9136 -1117
5868 9584
8752 8043
-2010 -8000
-3172 9367
-8567 -4422
-4109 9277
4038 -3702
-4865 -6766
6979 1693
-2195 -5029
-9756 -7123
1554 7346
5419 6516
-7913 4098
7551 -8725
-7870 9433
7194 3627
565 -6834
7680 8627
3562 -9393
-8604 -3258
-5542 -845
3657 -8714
-3789 -2639
5794 2719
-7999 -2566
4262 -2582
8466 -3253
3013 -9325
-3051 9720
9115 7594
-2750 -7750
-3449 -9039
-8526 1945
226 3257
4420 219
-740 -9163
-1512 2085
-8544 -3173
-6845 5003
-1967 -8948
5632 77
-4917 -8417
-3615 7867
-6082 3126
9138 -6211
7772 -4261
-1469 -6179
-8554 -8034
551 1019
5739 3792
434 5543
-4087 -5428
-8198 9008
-2028 7594
-377 5343
-5967 7327
1653 6287
-12 -3017
-7451 7068
-4286 -2212
-359 -5149
8319 5758
3145 8637
9027 -9066
-4318 -5213
5499 -2001
2173 -1200
-2187 -4392
2520 7316
-877 269
2685 -9692
3628 8561
-3629 -7423
-4502 1217
7352 2556
-3598 -8609
-3475 -7090
8683 1384
4661 -1813
2892 -8644
-3882 -7882
5022 9542
-5969 -7733
6030 -1179
-9937 -8437
-8906 -2783
-426 4062
-2047 -9693
657 -8130
-4106 7547
5351 -3258
8215 7475
8869 8219
4937 7263
1817 2321
7096 495
6111 9801
8437 -3328
3942 2511
3313 -2378
-9493 -9433
9584 -2180
9168 2685
1606 7922
-9848 8849
-1450 6309
-995 -6829
-3429 1435
4443 8208
-53 -2946
787 -1129
5384 -1806
-6142 3335
2104 -5722
-848 8564
-8988 -6099
-6949 4104
-626 5944
-8709 254
-9725 5376
6182 523
9970 7483
2669 2161
-6466 -1445
-8645 -7988
-8344 -4689
7536 1639
8595 -1342
2139 -9095
-6787 9327
-8597 -4138
9208 843
-8890 -5950
6344 4139
-2205 8184
1046 6209
-9971 7674
-53 -7699
-9164 -4282
7821 7129
8276 4633
-7830 3110
-6383 -1773
2209 -6536
1642 3780
2000 8963
312 -8688
-5195 -5552
6836 3672
982 2992
8849 -7238
7244 -6017
-394 -1560
-5825 6302
-624 4287
-7616 5747
6776 -3325
-3742 -1554
-9674 9224
3673 -9284
-8059 -2960
8651 7210
-6378 6882
983 -2104
5070 -96
4582 4671
-1015 -7781
1325 5070
-2368 -4802
8801 -7002
5109 9078
4806 7652
-4839 -7265
2196 1736
6714 -2964
5620 3593
9703 -4757
-5733 7458
590 -197
2250 5296
-7284 -5958
6181 -6248
7439 -1360
6828 6377
-4742 817
2701 -4097
-5796 2256
-7675 8475
-9180 7778
-8462 -5948
5466 576
-7864 9249
-9907 4586
8989 6362
-8405 2856
4795 -3400
2094 -357
-6045 -2138
-7501 -8770
-8718 4484
3577 325
-5818 -7011
3823 -4266
-9688 -789
-2222 2229
5437 -4611
-9023 4719
4444 -5967
-890 4677
-3500 -43
5363 9505
7374 -2204
-1370 -5249
-169 -904
-4303 -1576
-1604 4717
-5871 -8792
-4087 4225
-3233 -8311
-8593 -7949
-5329 -592
-4065 5635
4501 1714
8714 -6116
-5802 -4364
717 -7025
1746 -2277
-9922 -4878
5684 5219
-7964 -2437
-5975 -3212
4375 -178
9157 -7309
3835 -7653
-5976 -3281
-3427 -6384
334 -8320
-6225 -987
2415 -6595
9113 -9960
-9702 8636
8386 -8060
-8917 8502
3376 7920
2915 -1676
-1321 -5016
3632 -6100
-901 -9380
-9761 101
-6003 -4867
8524 -4264
