3245
9695 6822
6785 -116
-4019 -8360
-8039 3828
-2434 -1796
5880 9026
-4235 -9472
-2766 -1539
4482 -8712
-4540 3725
3949 -5988
-7378 5853
-2006 -5455
3273 9454
3577 -8766
-7955 -1118
8174 6205
-9297 -2166
-2489 -4096
6291 -2293
5999 -5760
780 8165
-4204 -9564
-6 -487
-6021 989
-4454 -9456
4296 8876
5656 9577
-4804 -5385
-3849 7940
8614 6745
1702 5057
-5737 -2825
-5896 5939
9759 -4512
-3752 -3493
642 -4300
-6418 278
2379 7303
506 -9765
-6724 9115
-7301 4594
-1421 -8105
9876 1197
-7827 8658
-3787 -6171
728 -7069
-4683 9846
3581 -9520
4844 3772
7908 -6554
-1943 -6621
8500 -3884
1969 4407
5456 9985
-3375 -1327
-1779 -155
-4181 -9798
-6851 7304
-7442 -2373
2073 6282
-706 -1329
-4513 -4446
6909 -5964
8193 -5517
978 -7077
5477 9124
6257 8808
-2586 6112
-1236 4697
2190 9809
-1883 7736
-3860 9300
-7526 -779
-1693 -1964
2403 -6406
-2695 -2550
23 7742
5340 -8346
-8827 3857
6355 -6472
2266 7493
1156 7403
971 -7597
8744 -8552
-9834 4525
7486 -9686
7505 1919
-7443 7239
7785 -8412
-772 5081
-8162 -9139
8721 -6676
3423 9490
-74 4257
696 8369
-6479 9818
3555 -9012
-4663 4830
5144 9567
-615 -8451
9130 7441
-5985 8882
-7299 3695
3572 -3454
-7760 6973
-4377 2146
7531 -1876
7611 9459
-8622 -3426
-6344 3334
-7214 -1564
9052 -8633
-6670 5720
-7029 -6914
4148 -928
2060 -8438
8747 -8922
6896 -4712
-2425 -6420
5188 5780
-2638 -2367
-8605 6437
3162 6038
4 -229
9881 7780
-9365 3375
-804 -4653
-1366 390
-5630 -4048
-5523 -7718
-7494 -6253
-2071 1457
-9688 4177
2279 -1222
1544 2940
3824 -6085
-9997 -8745
-2793 -2268
-1086 -4668
2464 5073
-2101 -9397
4179 -1637
8699 -2059
-2751 -6696
-8577 -3074
9129 3538
-2599 3940
5172 5642
3100 -4862
7562 7412
-940 -7240
3192 6431
-3797 9534
-2408 -3555
6244 7388
-7977 628
-3610 -3619
8604 7266
5762 7218
7477 -9349
9830 6007
4011 -2923
-5135 -4923
-5709 5787
3649 -3971
-4760 -589
6940 -195
-2498 -6965
-9868 2037
-7382 -8760
9473 -5680
1609 -8164
640 -4040
2305 -374
1355 -7406
4612 -8465
1134 -781
2014 9638
1084 5655
-106 -5286
1839 9874
2226 4448
1031 5936
6452 7173
1430 -9692
1735 -2947
8514 -9792
-6420 6639
-2260 -1429
-614 3182
-5598 8881
-5363 -4398
4519 5384
-4148 -2539
-4567 -9176
2097 9791
11 -3181
-1424 3424
-4500 5489
1820 -3227
3902 -6177
6914 -7800
-2952 -8730
-1608 5917
-5633 -8070
-1504 8102
7977 8881
6992 7978
-3502 212
-9328 -7597
-6108 6911
-4603 -1609
-3174 3149
-8713 8258
-2090 -7363
2576 -228
-2353 -7220
997 -1531
634 7475
-2796 -4596
-9003 -7394
2081 8931
1534 1195
-5006 -2937
-4259 2194
6878 1578
7348 297
8543 5618
5588 5216
-9621 -6901
-1010 -4608
-2165 -9909
2213 -339
8637 -7440
-3904 9452
-7300 3143
3842 -7875
-2500 -3880
227 -1709
8519 -8871
8518 368
-1673 8165
-6038 4808
-3549 8827
-8190 -261
-8355 3761
-7896 2962
4263 700
4201 3055
6988 -1382
8861 -3780
1347 9360
-6023 -2564
-6363 6569
-2242 -6641
-7368 436
-9339 1785
-8212 -3407
8569 7579
8841 8559
-5984 4208
7203 6179
-1998 6693
8388 7397
430 -5189
6901 2805
2988 111
-1390 1787
8653 -3552
-9945 8497
-4968 8723
2680 -6143
7208 -4834
9514 -5236
-2929 7973
5621 9924
8663 2246
1280 4655
-1307 -7044
-6313 -7206
-2932 2010
-8501 -6427
-4427 4865
-9297 -5125
-3691 7764
-8885 412
-7772 5203
3837 9783
7339 -6294
-3568 -1919
-5419 5060
-7951 9344
9823 -3201
9280 -2175
990 3121
8552 9744
-7437 -1670
-9623 -6256
7612 4002
-9630 -3593
3310 3562
-1806 7010
-6647 -4778
7965 -3063
-614 -1354
-5027 4985
-3603 -8412
8870 8447
-8969 -6442
120 8306
-9539 -3757
-2199 -8652
8589 -6399
4243 8993
-8804 4612
-137 -3324
4742 8146
-9163 -5270
-9013 -8914
-7825 -2184
108 4483
4596 -8780
-7259 -2294
9775 7150
-6631 -2853
-7765 2358
-6676 5470
7711 2944
3284 -2625
-5682 9208
4391 9382
3555 -9290
-509 4695
-3976 -8887
-7168 -5646
1311 -6060
3080 -2990
5081 -6318
6516 -2523
-9146 9211
741 3938
-6096 7061
4562 -1545
-4462 -7812
8701 -1097
-7519 7318
-8846 512
-7041 3409
9400 -9442
-1906 -1485
-3894 4021
1020 -5147
-3755 8350
-72 -7842
-9486 8131
-1638 -8538
-366 -6580
-3509 4151
1454 -8538
-4195 6149
-4045 -3183
-2431 6970
-836 -6952
1084 2473
-2215 7711
-836 -8482
6134 1444
4971 8942
2040 5583
-1289 160
-3596 -1421
-252 -9674
-3672 -3790
5666 7125
5209 7110
9574 -7528
-857 5543
9071 -7725
597 9536
2971 9621
3690 9580
6271 -3139
1981 8294
-30 -4946
-8676 -839
2948 -1189
9667 9936
-6298 -7623
-9460 4088
4410 8362
-5752 4093
4885 2963
4634 -4255
4263 -7737
-1854 -4694
-5175 -9447
6664 -371
5171 4306
986 8665
-7043 7006
-4164 9452
-1333 5412
-6730 2335
9973 5109
-6485 4160
-2 8693
-1929 -8155
6855 9474
-5687 -6944
4767 2723
-7844 4126
-3122 1328
-4497 5766
9128 -473
4198 -9213
-854 1023
-8688 4107
305 3698
-8926 -782
9069 6175
-6531 -6068
6052 -382
5976 -4997
8336 271
3423 5262
-1894 7514
-2214 -8293
-6217 -3400
8352 3353
-3628 -8390
7930 5012
551 3440
6125 8052
7560 -7879
-6586 -9733
-3357 9181
-8205 -5128
5443 -1824
-5615 -7748
4485 -2543
-5181 7944
-9435 -7576
5421 -9173
9168 5092
-5612 -5684
8502 -5375
-5463 -6173
-3193 5597
3033 7538
-596 4209
942 -3296
-1279 -8827
2738 6232
8443 -8497
1810 -7753
1266 -62
2468 -3057
-8672 4756
-5833 -6309
2539 -582
3200 -7705
-9160 -7535
-4540 -704
5602 7444
7221 -9227
2811 6410
-1896 -5219
-1846 4052
5591 4597
7199 -1671
1563 7835
635 7872
-1169 6967
8617 -8116
5146 6019
2070 -9126
5981 -4706
8020 9331
-8011 3984
9063 -8056
-685 5823
7844 4375
-4967 3286
-4134 5472
7177 -8614
-4011 -6588
-939 -40
-6055 1899
8127 1287
231 4648
426 -1175
-449 -2906
-6990 2860
-4421 -160
1442 -5739
-6600 7182
889 1001
-5375 -2406
7965 -5961
-3738 -249
-9676 -1889
-5091 -3296
-1602 -7754
9143 1902
1193 2421
4480 7053
1408 5854
1834 6666
7365 -278
7031 9644
2947 -2976
-4873 -6308
-3162 9493
7311 1225
-3058 -9227
-5933 4453
-4864 -5701
114 -4419
2348 2069
-9186 -4201
-9234 5444
-3098 312
-4979 6010
-1205 1863
-456 -6259
7075 -2197
3095 -1836
-7431 -2297
5890 -5973
-4816 -561
-1526 -8988
-8629 6982
-8380 1832
2101 -239
192 -1789
5146 -9672
3020 4094
-3524 1108
-2303 6047
-8827 1028
1213 -3933
795 -8965
9335 -7445
-231 5618
-6514 -8613
9395 1678
-5904 4222
4935 -6
6054 2989
3573 3451
3030 3103
-4070 363
-1677 342
-7983 2182
5705 2562
-2332 -1252
-9917 2254
8525 -3507
7912 152
-615 5815
-8970 -5780
-7101 -8754
9350 -6999
9793 -7601
9151 -1058
5076 -2053
-651 -1534
2114 -1155
-1396 1123
-9061 -5258
7828 -1210
4878 1529
5126 -7849
-4490 -9132
1779 -2924
-9804 5479
-7390 4207
-9894 7509
5431 -6312
2748 9304
9224 -1365
-9572 -6948
-9264 -8143
-3121 -7321
-3281 -4989
8945 9523
-8711 7689
3174 4951
5342 4554
-4954 2056
-2825 9704
42 -5514
1935 3002
8504 6428
-3291 -6980
-5868 -2764
9272 7619
-1052 -6822
-4512 1588
-5717 6497
285 -9168
-4777 3169
34 8522
3514 5917
-5653 -188
2856 -3466
1033 -281
-913 -1789
6903 4253
-5832 2952
5916 -863
9372 5520
-5491 -4484
3769 -5591
3921 7812
-7412 -8787
-9146 8527
-4277 325
-6266 -9058
6124 9065
2341 9814
-3230 -5192
6680 -7475
1801 2200
7029 8741
-4668 7502
-6348 3798
-3725 8352
7933 727
-6902 2959
8469 -4569
-7748 9728
2507 6236
-2254 -5543
-6004 -7294
-8586 -5675
-2746 -8409
-6899 6277
-120 -6126
-9193 -6975
-2650 4857
8002 75
-9075 178
4639 503
-6808 8817
8578 -6228
-9928 -7446
-5576 3377
-3103 4719
-1633 63
-5864 8410
3041 1718
-2320 5884
1974 2214
6270 -1901
-4282 526
-2113 -5348
-7330 -294
6893 8941
2276 -3538
8544 2454
-695 -6590
242 -9053
-101 7772
-35 -176
-6095 3385
4645 -7258
-6893 8159
3037 4468
-1416 5444
5245 -1656
-7653 8400
-2708 -9906
-7138 -2191
5975 -2943
3069 -8132
-2674 -2682
7091 -6704
-8665 4253
977 -3036
-5461 3840
23 5192
6804 773
8158 -5264
162 -225
-3904 -2684
-7669 -2963
5293 2175
5979 -4382
688 7170
800 224
9422 2812
9060 -6336
968 -9706
-8493 3098
3350 7339
-3218 -2934
8640 5326
-3879 -5835
8537 -2743
4856 7721
-8558 -1810
1923 -9050
-6633 185
9365 -5290
-9269 -1341
3457 2723
-6419 -3517
-5245 4345
6467 3181
-114 -9556
-9499 -4969
-1263 -7603
8558 9145
-9348 -8529
8748 9188
-9978 9702
8572 -9530
7851 -4391
-1087 -5017
1769 -7492
8442 -577
-5208 1805
-5653 7711
5082 2881
2701 -6713
5217 -628
383 -1127
3571 -3271
7305 -3222
-9719 853
-6011 -5750
-7649 1913
-5753 -3713
-2295 808
8275 4072
9498 7106
7368 -1893
9041 -5172
1746 7491
8285 7724
6386 3324
8780 9215
1747 -3454
-3352 3986
-764 9541
-6014 1331
5862 2581
4556 7717
1273 7001
7030 7583
2750 6640
73 -8743
-3226 -7921
-1497 -5581
362 3558
3801 7535
-7882 -2797
1880 -4368
-1934 7003
-6558 2012
-5418 -5700
-4301 9916
3166 -2407
8030 8823
6720 -701
-4265 -536
7597 -2317
-2528 8073
6032 -1323
7757 4793
-8524 2779
9901 -2617
-3221 1366
-8320 5629
4753 -4903
-9164 7878
39 -6288
-243 -1229
2673 4674
-2088 -5710
-2051 -9842
-9429 -980
-7772 -3285
-3116 -2497
-1783 -1729
-5552 -5209
-1488 -342
-7026 -8017
-8333 -4449
6222 4496
-4804 1644
-1441 2990
6224 -4766
5202 -7090
7453 -3577
4652 -2351
-3736 -7216
482 3775
-2294 -4654
9682 7096
-1308 2911
4141 -2818
9630 -2608
9405 3545
-3262 6816
-6111 -6320
7118 425
8227 -1894
-435 4492
8163 -822
-192 7011
3470 -6502
-4824 1326
-8469 -8340
4735 -3944
-6006 -1730
2443 4788
2135 3422
1661 -6478
1198 -7573
-5802 6319
-5440 -7017
-4517 -4530
7774 151
-5349 -2938
-1650 -3988
-6182 -6985
2313 -2068
-5512 6370
-2357 4816
-374 -7980
-8488 -2924
-3667 -9930
4195 3428
-577 -1402
5242 3191
-3455 -1654
-1943 779
-1587 4868
-5910 -2919
-7685 4069
8282 7655
-2698 -7930
-1795 -3642
-6039 7779
2444 7348
-9540 6174
1454 7662
-5823 8155
-919 7293
9599 -3802
4907 3560
-3471 -779
-3104 8616
5903 7636
-3888 7492
-8277 3842
-4302 3058
-9816 6148
-9891 1519
-9582 -7340
-5149 845
-8710 3765
2722 -6389
3340 -5258
-620 4610
9057 7292
-324 8426
6682 2556
-3303 4725
5077 -3735
1294 -6843
2431 -3711
-9467 6279
2852 4698
-3479 5490
-7351 -853
4197 -1304
-2707 5578
7078 5083
8317 4864
-5218 -3744
-8282 -4575
1795 -1936
5984 -8257
3630 -8482
9215 -8960
3210 9964
7498 -5577
6520 9286
-3852 -6589
4889 -1507
2197 -6721
9997 -3060
-9164 -2252
3084 5970
-5818 -4988
4645 3300
-8615 3569
4880 -9734
-1806 5887
7901 -3259
-7157 2756
3456 -1327
1470 4543
-4665 -402
-4948 -1539
-1025 -5619
9107 -3353
6249 -3822
-6401 -453
-1096 -5809
9593 -6148
-2053 4063
-6817 -8218
4571 -9012
-2222 4609
-9598 -4082
4352 2030
6059 2488
-1131 -708
-4844 5674
-4295 -190
-5433 5776
5574 2014
6518 6525
7365 -8508
-9146 -9158
-1441 -4408
2382 -3985
6710 9223
-6391 6699
7107 5345
5912 -9320
669 789
-9206 8166
-9169 8036
1717 7780
-3592 -151
-3733 9058
-8122 -656
-1090 -3026
-8119 -6775
2240 5481
9491 -5384
4655 5991
-5827 -7952
-8205 3210
724 -8530
9779 1834
9998 1733
595 -8157
876 9145
8528 8298
8332 -2922
3370 -8865
-2559 9274
-1448 -2170
8647 -7647
2513 -5521
-8447 -6570
-4397 4643
-6001 8519
7116 -5530
-8144 -1421
-5717 -3604
4515 3827
-7992 13
-5086 8879
-5786 1787
756 -442
-5338 1217
6701 5489
3490 -8384
1702 8522
-9102 2328
8167 -2083
2080 3609
4589 -6109
-3504 -4304
-4569 -4958
-8347 -2563
-6246 9459
-5427 -9689
4053 -3524
-6357 8406
9142 -4089
-5050 -1028
9097 1350
-2250 8936
-5120 2667
-7866 6232
-6839 -6180
-6713 -8068
-6632 3636
-9514 -187
2673 8187
9588 -9556
-5586 -1042
-6744 4998
-4210 8075
-9696 -2378
-1834 9154
-1905 8801
3935 5300
-4488 5005
6487 9837
4283 497
9550 -4360
6633 7297
7220 1650
-2497 2575
310 -5319
-1777 -8023
-5847 9423
-3905 5972
5613 7886
-9778 4443
-9659 -2569
-638 5168
-9854 -2556
-5177 -9948
3386 -1850
-9592 -4674
2939 4565
-4 -8053
3968 -2036
1579 6336
-9204 6973
4301 3364
-8516 8438
6001 -3630
5734 -5469
-9447 5680
-965 4451
-3578 -5606
-9369 7849
8180 -8102
-708 -9112
8682 -1663
-1266 3185
-9909 9903
-5096 -6736
6388 8351
9661 1634
4076 -9925
-3765 -4794
-4852 -7316
-3411 7295
-8932 -578
7040 3061
9298 8426
-3829 -8717
1221 3738
6840 7617
3496 6411
4085 6629
7659 9926
4696 7349
-7273 9735
-7744 -6820
2786 8733
-1217 8935
-8902 4705
8940 7165
-9495 9736
2031 -1002
5199 8981
620 -3841
1877 -8430
6098 710
9535 -24
396 971
5642 5178
-6869 -6136
-80 930
1544 -8964
-7881 882
4013 -5623
-67 9730
2673 -823
3703 210
6506 -8326
6304 -4355
-4516 1804
-8838 -7244
-1049 -737
4523 -1413
-4998 -1301
-1406 5542
5125 -6796
1768 4236
-4218 -9551
-7512 8738
4260 -7717
9137 -4124
-8234 -2742
-974 3836
-9413 6281
-1531 -581
7416 4479
9906 1668
2357 2461
-6811 7015
-5599 6268
413 -8974
-557 2201
-4237 3404
7711 -416
7039 5746
-3626 3606
2187 9202
7220 7283
-1601 9114
-4477 3293
-4610 217
-7805 4505
6743 -5142
4689 -7692
-4121 1600
148 -6922
4013 6277
8483 -9789
-9816 4950
2441 4790
-7552 4
342 -6145
873 9624
-7834 1428
-6758 -5906
2430 -4658
7668 5162
2198 4191
-8692 2114
-6312 5712
-6572 -5396
-7003 1116
-5960 -8313
2047 6378
-1084 -8350
-7585 7437
-6671 6143
-1579 6170
666 -7434
3555 -8482
6482 -7661
-1157 7118
1211 8443
4835 -4491
-7899 593
1170 7735
-4882 9389
-3885 7607
1194 -8485
-1561 6944
-41 8516
297 -4830
-1617 -6632
-1315 6282
-4370 9563
6341 -2330
9630 -1695
-7056 -722
1164 7640
5228 -1069
-1857 8439
-1375 6503
-9132 702
344 -9630
-5876 4105
-169 -5405
6334 -458
2938 9719
817 7393
2576 -7888
-6354 1232
-1777 4750
9155 -6288
-9633 3367
4486 2900
1904 -5044
5219 -3628
-3423 -7901
1100 3872
-1895 6936
-3849 -8462
-3495 1297
-3991 -5584
7898 -8704
-257 1381
6546 5983
-7433 7608
-1823 -2239
-4816 2901
-4514 -6315
2088 -7365
-5416 -7099
-2881 -7263
-8017 795
2729 1037
3726 1584
-5260 8155
8889 -8466
-8995 -1389
7599 4918
-7078 -1219
7809 9014
4164 -8281
-488 6129
2247 93
6543 1650
-6867 2462
8571 -7407
5327 -2734
-235 -5849
290 -266
3856 -4729
3431 7333
9868 9480
3323 8124
-7899 -333
6250 -4660
8226 -691
6701 3154
-3610 -9578
-461 -9712
7693 -5001
7370 9049
-3320 5238
-6626 -6554
5011 -6391
-694 2052
-6991 -8960
2060 7953
-8714 -7537
-1500 812
4873 5957
-3476 1446
1651 -3005
232 7659
-2673 -2506
-2978 2628
-6321 -7346
7077 -9047
-8428 -5447
-2064 3181
2771 -882
4572 -3506
-6865 9501
3207 4751
1244 2480
-5094 5201
3836 4877
2501 1544
-4514 8623
9670 664
-6783 -6878
-1083 1790
4271 1539
-2115 8628
-9280 2211
-9628 774
504 874
8407 -3763
-8379 1351
-4772 7313
5413 -6858
-1243 -364
-4479 3540
-2151 1195
-2721 9343
2716 -1319
-2801 -2328
9320 -2639
6824 3609
5514 8480
-1622 3337
4638 -6499
8463 9342
-4382 3425
-4175 -7000
-4977 6552
-2013 -9630
-8309 9233
-2981 1141
1177 -4413
2915 1934
-7365 -8513
8872 6910
1388 -3361
-4806 -7295
-1172 6986
5479 8508
4843 -1373
8364 -4876
6720 -8891
-9399 -4855
1933 6583
-3807 -1663
-6614 -4932
2287 734
5748 5083
1637 -2335
6878 8618
-6470 -4578
-3339 9740
887 4781
-3278 5437
-3139 9840
-6472 -9418
-9574 -759
-8463 5210
582 -3158
-9758 2468
7795 9841
-5546 4358
7020 -4889
8920 4430
7357 -1398
2319 8595
3120 9934
8290 3913
-508 9881
9931 8245
1561 -8366
1281 9182
1535 -1450
-7468 3880
5900 5878
-617 -9528
2171 9310
-9436 -7296
4487 -8491
9020 528
-1829 -6753
9842 1046
1484 9056
-6958 -2944
-1655 -6168
6239 5436
5626 -7984
4796 -5572
-5415 7419
-4470 7541
1164 -5166
6345 -5107
5908 -342
-3201 -2586
-4781 -1187
619 6113
429 -3925
-6011 -7825
-9800 -6246
-4711 -7394
560 -7153
7191 -4593
-6891 9782
5602 8317
5351 -9061
4514 2294
-3144 -9233
6629 -5445
-6131 9161
6446 -2724
2023 5223
8052 5962
-6595 -4702
-5984 -3124
5230 9398
-2738 8011
-3684 3757
1034 214
9265 9606
-3711 9864
-7476 6442
-3650 -3318
-9808 880
8689 -4130
-9025 7397
-5142 -591
4643 -6049
7131 3828
-8834 -5394
-6044 -1661
-6650 -996
2090 3577
-9050 3760
247 4616
3777 -3
-2211 8929
8293 -6234
-3386 -7665
6554 -8978
-686 3554
4015 -7803
-5628 -5454
-2477 -495
-9359 -8985
230 -9464
-9142 -6058
2910 544
-6059 1852
-9748 -1871
-3041 9355
8661 3003
-2676 1570
9567 -4316
-8765 3238
-9530 3878
-1941 -9804
4940 3455
3231 4434
1024 1134
-7261 5396
3258 -8970
3930 -2105
-3663 -4000
-3984 9837
-2651 3000
945 -6430
-3906 -9412
-7669 9661
-2244 -9214
-878 8254
2062 3500
3580 -1118
5653 2942
-2154 -1429
-3759 -2895
7905 4859
8728 2969
-6364 6428
-3352 -5312
-2616 -7740
5673 4416
7407 4141
-6809 3419
4255 9515
5854 -3417
-5225 6403
-2576 3667
-3240 4214
-5017 -2794
-6504 -6915
2534 5471
9842 -269
6192 4439
6421 8062
-685 2363
7154 8899
1406 -7589
3235 -9975
979 6541
5266 -1914
4655 9197
3644 8582
4342 4535
36 6911
-7532 -1893
-622 -649
2804 -1189
-3316 6889
7900 -538
8917 -5445
-2245 -6842
7639 -9920
-9219 -7978
8838 6390
2281 -7511
-6978 4565
-4680 398
8047 -748
-2288 8859
861 -1640
3723 -5115
8083 5256
-3656 -9940
-589 8142
-7646 1015
7147 -5275
206 -8328
-4338 1384
6395 9521
4307 -3688
1103 8296
4081 -7264
9686 5046
-788 9087
8982 -4445
-4678 4540
8028 4868
-6654 -2859
3439 9672
-7063 1863
5136 2120
1115 4019
9239 8128
-6139 -8215
9246 -6850
-6505 4572
6379 -4047
1431 1916
-9370 3733
-3154 8661
836 3305
4829 -2983
5116 -918
-5165 -5460
5644 -3695
-9853 6978
-5680 4785
-7538 -6376
-4414 9700
7508 374
8856 834
4438 2995
-7990 -6004
-6346 -3866
1687 6260
3721 -1085
-8772 8447
-5972 -7385
6347 3555
7763 6751
600 4358
-6371 4221
6189 2584
5387 -1022
2588 1973
7579 1382
-8608 -2645
-8478 7568
1886 780
-188 -8235
-9271 1198
9380 -7560
2516 -1834
7782 -6743
-8220 -7256
3537 -9295
-532 7891
-2848 3380
-801 -6563
-855 795
6545 -1371
-5023 6106
5577 3807
7088 2732
-4569 6477
1880 -1353
8473 -3619
-6508 -5032
-6776 -3296
-32 5883
-807 6204
8446 -3469
-6155 -9686
-2720 4933
6833 -4776
3885 -3162
6513 7354
-6838 1091
-118 -1464
-6101 3834
-1911 3024
-9491 -2645
-3088 9773
-2470 5182
3991 -66
-1912 6339
-5599 5108
-2063 -8935
-1366 -8470
2130 5303
-3582 -6940
3732 8744
1584 -1714
-4166 8217
-7885 5089
-6385 -9938
-142 -4251
-2666 -3089
-280 -7637
9587 -3692
-6841 -569
2711 -7635
6105 7708
4244 3663
6430 -5096
-834 662
830 -8765
2139 9980
9203 6946
3603 -2779
1914 -582
355 2439
4568 6824
-6996 903
-4994 6115
-1135 -3207
7591 4628
8107 2870
7049 -139
6155 -6589
6838 -7633
-8837 -5087
1925 4183
2244 -1852
2502 -1413
2186 -6343
4773 -6328
9359 -7431
-9882 -9292
9116 4881
-2976 1674
2379 -6261
-2853 -7421
-4021 5398
-3908 -2834
3023 8308
-1384 783
2958 8292
-5135 -3406
4667 429
6056 -7833
-1422 -1986
206 7839
5932 -2219
-7455 -3918
-6210 -2455
4249 -8104
-3227 1852
341 -2961
-6818 -5558
-9766 -7281
-225 2727
2634 -4584
83 -5546
-2366 -2480
7724 4966
-1896 -9124
9432 -3375
3327 3085
6867 -458
7651 2985
-4029 7295
9282 -7484
-9876 -6954
6136 -9748
4083 8043
9606 -1022
1400 3683
7246 7232
-8013 -9769
-2579 -8060
7151 -9247
-3012 -1004
-9150 7027
1764 -797
4183 -1839
-3447 4938
4938 -4398
-543 -4429
-4286 -5192
-3918 5106
-7389 -5247
4119 780
9006 -7497
4188 7915
9674 -2910
-8533 8548
-8460 8157
-4517 2486
-6237 -2417
-7114 4822
9664 -2281
-9570 -2222
5227 3372
-993 -5943
-339 4229
-2354 -497
-2506 9138
9003 9622
108 576
-4795 -4464
8387 7071
-6978 4299
-4308 -5833
6182 -2045
9717 9264
-7015 4546
-6372 4965
9524 -379
-159 1449
5808 -5629
9128 3392
9669 4266
-1527 -8717
-3705 1367
8408 6859
-2956 3142
-3249 1739
2206 3188
-1427 -8689
-4373 2024
2646 -4193
-6307 1970
3197 7681
683 -6489
292 7409
6543 -6295
-9319 -7075
-9510 -4677
-2127 -3201
3637 -3593
2715 3617
9289 -3103
-4355 -182
7789 9495
-9029 -6568
3176 -5358
-9535 123
-649 -2532
-6525 8646
3093 -8446
2841 -5260
1942 6469
-9941 9150
2139 5303
78 -7769
-8495 4189
-3873 4378
8004 2179
-7255 -8899
-8521 -5012
6242 -1347
-6040 -9490
-2747 5432
-994 7091
6725 7466
3978 6921
-742 3347
-9359 -7905
-6260 -5801
8276 -4409
-5171 9376
-390 5038
-8418 4081
-6346 2239
-3757 5618
-9949 -7368
-3358 6988
2285 8079
-9693 -4749
6917 3314
5378 -6888
3755 7337
2167 5967
-2905 8258
-9168 -7793
6726 3013
9947 2786
-2964 2655
-1178 -203
-5423 9872
-8009 8832
-3628 7285
8225 1392
7040 2805
8931 -6859
-1099 2755
-8128 7521
4806 -9131
601 -3779
-4712 -7715
-4838 929
-7722 5668
-7820 -903
2324 -4054
-972 5280
-1170 6840
301 2714
2733 587
4775 -4902
374 614
-6046 5898
4314 3231
846 1777
3199 390
7544 -964
-3552 -9895
3091 -6026
6125 1241
8531 7449
-4776 -1923
-2256 1612
-5976 -6783
-4894 -8104
-7883 -7272
8085 -3825
2397 -9685
5668 3538
-3151 1156
-5076 -8600
517 4327
-1193 1597
1927 4880
6333 -1339
-3596 6585
712 3260
9501 -865
-5694 -6090
6102 4716
485 -3703
-4134 -6336
4908 -1310
6145 -1055
-8904 -2480
8662 5759
-3456 1769
-167 -3151
-6857 1475
-4618 7998
1866 -5801
6920 5069
6536 1094
9102 -3328
9608 -6883
193 -4956
9175 2859
-2374 -6459
-5721 1542
9488 -3623
3433 5361
4036 -7707
-5109 7202
-9921 -7677
730 7593
3478 -6983
-9623 427
4494 -940
5394 -7426
-5324 -4917
5556 -7968
5003 9331
4090 9817
-1895 6708
-9019 3894
-3388 -5448
-6634 -2074
7872 7501
-9367 7357
6640 -2870
6792 3477
-1531 -202
-1989 -3340
-5240 6158
2089 6061
5026 -2594
7084 -9439
8657 7273
-4503 2969
9715 -1381
8772 4794
-2735 7160
6235 6674
9439 -9702
2354 -9274
3727 9479
-1387 -8359
6531 -2819
-6805 6372
5908 -5154
-1058 7109
4975 8720
8020 -5649
-1588 -8837
6173 -6893
-2409 8036
4617 -7087
2101 -6220
4716 -6037
3645 2883
-2121 883
-783 2132
1954 -4756
-7022 -5984
-4458 2713
6864 -335
-3551 3176
1065 6079
5723 -6953
-7624 5950
-4297 4807
-3580 5097
-8482 -8440
-1390 -2446
-4007 5540
936 -7315
6431 5246
8112 -4101
2477 -3379
-3924 -191
-8794 -4791
74 7682
4428 1543
3440 836
-1749 5375
-3004 3345
8285 8903
1372 9133
-5914 -8513
2332 -6253
3320 -4382
8871 4933
1635 -5581
7011 -7255
6406 1626
-2783 -3348
6136 -1077
-6471 -4818
8917 -6192
-7548 1534
5339 5665
7168 223
271 1556
1627 2863
2926 8651
6641 -166
2344 -2711
3021 3437
-2372 -5206
5182 5538
-5089 149
-6041 1999
6161 -1907
-1433 2419
-5757 2521
-5868 -6045
6261 -8426
-9726 5894
-7078 -7487
-1860 5275
-5947 8359
3492 8456
6272 3982
3056 -4459
4174 3318
8233 -7412
-1195 -3755
4221 -2560
-9788 -8544
-1773 -1987
1568 -5839
-5851 4926
-6113 5414
-277 3771
-8861 -8604
9986 -3728
3285 -9577
7408 -8838
254 6246
-5950 2969
-8902 -9791
-6646 -8171
-9814 7895
-7279 4812
2666 -5136
-2187 -3461
659 -7796
-2947 80
2917 8118
-1938 1133
3 5713
-4579 -4752
7878 -378
7507 -8395
-7963 6266
-6670 -136
5179 8454
-226 3638
-6381 -5797
-4206 -371
-4230 738
3923 1599
-9474 3339
-4075 9058
1759 -8047
-5468 -245
-2051 4819
2988 -7665
-4011 -8284
-640 -5752
-46 -5145
1685 3170
4372 4298
-9147 -9887
-1658 -6298
-3051 4658
7177 6350
9992 -9263
-4261 1808
5927 5072
5331 -1279
-7169 6108
-7739 8709
2846 -3868
-640 -7429
-516 2487
3903 -3666
9111 8633
-4532 -3155
-9666 4599
3772 -8695
-610 -3682
-7105 1683
-9514 -3558
6404 4805
2255 8555
8399 -7815
-9529 4772
7419 616
1455 2349
-1851 2129
2322 -2377
-2978 -5980
-8860 1235
-6216 -1126
-5929 2139
9935 2365
6341 -8048
9892 4095
-7350 2043
2041 9463
4557 -6563
2752 -3551
-3193 6248
-5461 2172
-8927 4080
-9599 -4020
-804 -7078
-2915 2415
-5070 8332
6594 3583
-6788 -3344
7353 -8178
7108 -9749
6842 7141
-5575 2150
-7808 -8324
-772 3646
9053 -5608
-3747 -4701
2275 -3421
-2386 -7252
7962 -6995
3478 -8358
4964 -5460
6950 -5747
-6783 6597
-6362 4438
870 -381
-6879 -4666
-1092 4624
6472 8089
-6029 6268
7640 8298
3525 -6002
-6150 1645
8153 -108
2353 -3313
5115 8164
-5388 4069
-7982 7873
-4420 -5321
-4021 3598
7629 6615
9653 -1162
-9694 2972
-3077 -5785
-6629 -8121
-9704 5068
7235 9605
2236 -4250
4071 -6746
3002 7338
7297 7524
-6528 -2647
-2913 -1829
-5651 3575
-6276 -2080
1236 283
4230 8354
-5970 734
1777 7059
7106 4526
-4640 6756
-9701 -3994
-7198 6356
-7595 -1687
8909 -2937
6736 8798
3872 9960
-4747 4024
-5300 -4354
-2466 6047
-9487 5050
1520 -9636
5688 -6190
5101 -1457
7796 5878
5988 -3857
-7935 9382
689 -8119
8740 1199
2038 9876
9321 704
5427 8829
4678 -53
5193 -7740
5063 -1122
-5410 2501
-6548 -3568
2478 -2579
-9778 6974
6531 6911
5510 2904
-4905 1041
919 6953
-7220 -6603
2160 4717
4984 5203
1673 -1522
-4234 6244
-70 -8056
-7880 -8622
5808 7517
7582 788
7732 2721
6950 5365
-3446 4268
-1005 -4020
-5271 8136
1233 -8887
-4612 2944
-9508 9595
-5602 7077
-413 9977
-7724 1971
2430 7335
9182 8496
-4046 3523
-1310 8601
-964 4694
169 -7744
-2145 7124
2928 -1256
-2868 1608
-5002 3492
-6233 -2805
-5543 5889
-7788 3459
9515 2594
6646 2845
9270 1213
-292 8022
-3805 6302
6113 9472
-5249 62
-4134 -1576
-9647 5136
-4484 -7388
639 -3883
-254 -3172
-2618 8653
2194 2186
4877 4444
-1716 -8720
-4074 8406
7820 -1373
9380 8938
-4801 -4321
-3814 3342
-2222 6713
2300 -7186
-5911 -308
-9018 -2655
-6981 9674
-887 9405
8383 -8089
9258 7822
3765 3553
5037 -1362
7300 7714
1035 -8385
-4919 5517
9691 -8567
3139 468
-6341 4128
5085 -6148
5836 8024
-7910 -5016
447 5552
205 4009
-3788 -1413
-4597 2373
-3378 209
1316 5181
3940 4888
-2048 8498
-1956 -2923
-6111 706
-4991 1784
-8722 -689
2776 4056
6716 4934
7884 -2794
6876 -5595
9617 -6255
7971 -4592
-8528 991
-8837 -9422
2047 -2772
7511 -9653
9327 -2829
-8971 3927
-5786 -6759
8806 -936
-5330 -6643
4653 -1541
9295 8888
-1700 -7884
9232 3673
-8045 1872
-360 -2167
5967 4967
-1387 8675
886 373
7 -6358
8622 9167
9946 9895
-6400 -3049
5966 2115
-30 -8406
540 -310
-5093 4576
-2205 -4570
5776 8057
4562 -751
5553 2690
4568 -5882
4545 8897
4086 7836
2681 -8415
-609 -4146
-9225 4865
-5059 -2474
-791 6486
-7215 4611
5868 -8781
1219 3379
1890 6388
-6696 -8922
1856 -8618
762 7191
6871 -8266
4175 -85
8535 -7782
-3432 5223
8556 -7396
-939 -6454
-1927 8286
-6199 4805
9583 -5096
3579 -5033
-7915 -5412
71 8334
-7706 -9110
-6465 5077
-970 5638
4881 -5978
-6919 -8139
-8697 -4051
-555 3644
-5464 1955
-2820 4217
-4717 -8712
9499 -1443
-4815 5333
4240 7892
-3902 1866
5769 -5536
-110 9980
-8085 -7904
-927 63
244 4958
3983 5293
-7272 -7263
-3516 -8505
2907 1170
-9886 2081
-6092 -7402
3446 -1293
9593 4780
-2579 -6431
1003 -367
-2636 -4189
-368 8016
58 -6108
-3705 4571
2330 -8171
-2878 -5654
-4037 -8793
6760 -7048
-560 -3533
5689 -4248
-724 3284
-6576 2326
8752 -4721
5075 4106
4708 7658
-7016 342
9922 -5089
1607 9719
3787 5968
9264 -6295
-2868 2475
-2547 -8768
-5115 -9250
6003 4722
483 6142
7119 6916
6471 -1347
2873 -5825
2671 2809
254 7217
1309 -405
8618 4104
-8484 1829
-103 -1896
-3919 7102
9776 -3652
6174 3306
7934 -9591
1219 -6912
9728 -6640
-9933 -8252
-9872 7676
-3795 -7184
988 -7377
-7211 1581
-3947 -32
6702 -9962
2016 8232
-3141 356
5148 -738
1103 8880
8817 804
6291 3345
-5896 -6436
7605 -9369
9935 -3025
-388 -894
7151 7774
3170 -5939
-7174 3436
1040 -3173
9695 265
-8526 5664
3465 760
9936 8425
1118 -8289
4024 -1540
-192 -8317
-9940 2608
927 -816
-8295 -415
2558 7460
8662 9619
1444 3357
-4769 -8093
885 -7395
4625 -5107
-5343 5887
8810 -4746
3758 7494
-5670 7878
1550 8163
-7918 -1619
-3436 -7763
-4801 -3893
-6092 5271
2394 -3299
9733 6648
-6579 9574
-8792 -9276
889 -8452
2343 -1220
-9797 86
8525 8600
-3240 5104
-7719 -988
-3244 1030
-4227 -7078
3741 -6120
-9107 -4848
-6199 -4690
3804 -2760
-8906 1803
-5429 -8484
-6383 -4384
8533 -1469
1761 -5335
-3797 -6602
-7183 1772
-2432 7705
-8447 42
-379 -2380
-1259 -4940
-8020 5208
2043 -9
-2599 9807
134 -1467
9798 -3550
530 9316
2048 -5095
-7569 -3651
-1073 -6072
-2418 4638
2480 8425
2124 160
-5112 -2392
-6198 3697
7230 -6747
4948 350
-1786 -5790
5770 1151
-4069 -7005
-4103 8838
-3112 4973
-2936 5277
-1746 3379
-1431 -7251
7826 1683
-2952 -5391
252 7386
-1509 -1956
-5711 1275
2158 -5783
1167 9108
-3396 -9882
3081 -6133
-8109 2718
2091 6279
-9204 2469
5966 -5898
-189 -9133
-468 3920
-265 -6495
-7481 -9241
-8861 -1012
6406 6579
-8434 -5913
3925 5822
1285 9311
-7997 -8081
5804 5581
2645 4725
9365 627
603 924
3626 8478
-8239 8316
-8105 6427
-4871 -1298
2684 2831
3132 5830
-5084 -1657
-6479 -5265
-5028 4308
-6523 5383
9475 6698
-283 -2991
6757 672
6687 -9549
-9331 8359
-9820 -2436
5280 1498
-1268 -7518
700 -4331
4689 -8609
-3760 -4297
1412 4659
877 -308
1836 -9701
5672 -8859
-9180 134
8469 -8770
6188 -8196
1267 -9157
-3898 -4252
-7858 284
6977 -4027
-6769 3451
-504 -4192
-8100 -2990
-5343 -6619
3988 9736
-4739 -4139
7238 1246
-8549 6505
-9092 -1482
6938 3672
2415 1076
-7177 -6267
-8803 5858
1517 3751
-3428 3212
9297 -4121
6876 -6385
3706 9866
218 9109
8904 8134
-7438 -9398
1201 -4662
5453 -8923
9502 -5982
-5171 7300
-7673 8095
5562 1647
-5011 3000
3150 -3132
8128 -9392
9004 1568
3667 8795
-6368 -8480
6969 -1839
-1905 -5417
-9663 3339
9386 -1290
-2177 304
-4220 -6545
7991 -5957
-4925 -3021
-5131 -6347
2809 9423
6772 2012
288 -3948
-9468 -6561
8694 -2743
7580 -7403
8424 6103
3480 7566
-6656 6263
-7803 -4221
-5806 1552
8814 -4137
-3582 9803
-2538 -7982
8177 -4503
3485 -6862
-3374 6790
3579 7159
-341 -396
5903 7109
2035 -7730
-8999 -6661
-1291 -7635
-574 -5696
2722 -2409
4799 -5274
9119 4902
8903 -6181
3688 -967
3767 -6602
-7270 -9523
-8090 5566
-55 7649
-9353 -8498
-6836 1461
2035 2370
9417 9974
8766 -6869
4351 4384
-8097 9723
3724 -2854
-8537 6315
5864 -5487
2884 4005
7581 6177
-3960 -4243
-4470 -2190
-2086 -2388
-5056 -4601
6519 3484
191 7587
5642 -7953
8362 -6818
1019 1062
-1062 -6833
2218 2984
-9939 1270
-1553 8697
-5537 -4940
3848 3944
-1536 -153
5304 -2303
-6284 -560
6038 3069
7389 -7015
-7868 6022
-2057 -1868
-8696 2670
6512 -7544
-6066 -9770
7772 7824
-5970 1779
5236 -8925
981 -8142
3369 -9714
-6823 -7293
850 5488
2941 -9570
-954 -4475
9371 -7030
-4057 -6343
-7776 4882
7152 3820
9391 9006
8237 3098
2828 5931
-3338 -3637
-1441 9631
-957 -1670
-2508 1450
-4776 8546
789 6910
3651 -2431
3846 3385
-6739 -3541
9664 5443
1338 7976
-6689 3049
3393 -446
3715 1383
8357 -7881
7903 -8668
3530 630
-5647 4881
7241 -2771
-7444 -4374
8044 9228
7166 9999
-8427 160
4807 -5522
7919 -9151
1073 -9679
1521 -1458
3155 -1531
6089 -4661
-895 9398
3299 4556
1006 -2105
-6644 8152
-9785 903
-3279 1240
-6001 7868
3872 -1799
3095 -7843
3874 -5097
-352 -8871
-3319 215
-9064 -7310
-1770 9800
1328 3529
-957 5123
8885 -459
-2349 6306
7466 -5130
2040 -8423
-5126 8394
-6873 -5340
-3607 3529
-874 5479
-3757 4899
-2862 1177
-5824 5768
-2650 -6001
5957 404
-526 3962
-7200 -996
-8122 1099
-8067 9080
9431 5545
-9760 -3771
6983 2271
-2974 8114
-6184 -8983
1123 -7611
-2471 1836
6441 -2919
6815 -6958
9066 4773
-6371 2209
5566 6855
-2270 -3807
-7142 1993
8877 8408
-6860 7745
2405 4748
7307 -1512
6615 -4611
-3614 1542
5317 -8353
-2075 -7924
-2177 -2481
-6543 1865
5838 1559
3246 3979
-6110 -4477
-6822 -9257
-3333 -1890
4586 -4499
9424 -5908
7919 7368
-1728 -9348
1380 9375
6806 -8082
7021 -1819
7221 -7595
6048 -8124
4 4455
2708 -1861
-3568 -873
-8046 7612
-292 -1946
-326 6154
-4884 6588
-5205 5894
273 -378
-7559 -6079
6452 -1333
-9319 -3731
4461 2126
-4621 -598
-5643 -6908
-2432 -8274
2944 -2229
-168 -1589
7002 -3252
-3302 -4955
-3291 -3421
-4429 4038
-5630 -3065
4216 -9245
6199 -4797
1145 9035
6682 -7889
-7191 -7991
-1357 -7340
6816 -39
-6874 1805
-7457 941
3994 -8246
-9206 -7300
6503 3241
1447 -1357
1191 -3121
-4979 -3024
3218 -740
8800 3292
-9358 929
8812 -3904
9198 -4518
-7510 -8792
-1394 6392
-9974 -932
-4572 -1301
-8890 -1357
8129 -574
8688 -8739
861 -7787
-2113 2969
-7136 -6130
8226 -6544
8544 -2189
-8172 -4805
4076 6912
-7302 -9915
8603 4500
7248 2122
2442 7686
4643 8510
-5680 9122
-4554 -4774
-4056 6829
8886 2507
7312 8510
9285 4081
-54 -5078
6124 3361
-6569 -5023
-3 3077
-7018 -4492
-897 7174
-731 4672
1226 9136
1233 6763
2163 -7806
2106 -5825
-9596 -860
114 -441
-8516 -3683
-1217 2387
2932 -9147
-9101 4613
-5774 7581
-9551 3284
-1799 9539
-3010 1436
-59 402
-2194 8171
-5086 8134
-688 817
-6327 8348
6505 -5584
7374 -4680
-968 7874
1245 -7750
9741 538
-31 4001
7412 -5936
-2579 8445
-7802 -1461
-6289 100
-6818 6112
5086 8389
7631 -4698
1989 4816
2014 980
-6349 -8470
-1102 3933
1853 -5821
2589 -7293
5524 -3248
-3002 2663
-1980 5421
5416 -2993
1164 612
-5229 481
-2884 -9747
6849 4416
-5460 -8885
-1733 -9917
-5609 -9483
8292 -3624
8516 -6628
7751 3902
-9070 -8777
9066 -7117
-3017 -8529
3238 9653
3190 -2564
9756 -8293
-9292 9427
2697 -8570
5385 7166
-2273 966
8658 3847
2148 -457
-5785 -7514
646 -2246
-7988 -2734
-3950 -5195
-7809 2203
1234 -486
1412 7828
-7256 89
1104 -6182
-8119 7114
-7132 2447
2124 -9317
-3949 9692
-7691 2277
-6359 -4843
-1731 -3763
-8142 9533
-1005 6716
5639 3802
9783 9171
-6190 -4557
1687 -3661
9207 -7932
6799 -3216
-147 -365
1641 -9970
-3176 9673
-8284 -889
-5668 9181
5681 9501
1538 1061
1324 -2010
8874 -6553
-8566 8499
8638 4414
-9526 8895
6725 -6180
-8331 9685
-7721 8510
806 -2128
652 -9880
-8292 8903
-2996 -6223
5766 -911
9593 -750
-3446 1092
6244 9558
-847 7332
8040 8202
-939 -6040
4200 9178
-7829 5582
-4872 7544
-2898 -2480
922 -3469
-144 7509
9495 641
4205 564
-9857 4266
7930 -6259
4800 1801
-3804 -6277
8456 6624
-5497 -6356
4914 -6926
9895 -9374
6551 -1592
9404 6408
2657 -8942
-540 -4996
-9599 -6425
-1268 -6802
-7049 -8897
7831 1035
-6238 2900
1397 -6234
-1786 -2148
-136 -4861
7541 4633
6407 3413
-9244 479
-6184 -2827
-3627 -1636
7195 9371
2047 2444
9107 -1578
3230 3341
5891 -9234
7264 -28
553 -2854
-199 1799
7493 -7001
-5078 9299
6730 296
-5003 -3753
-2013 -9432
8776 7540
-3828 7478
4762 5138
-9733 8980
-4052 4537
7203 6003
-4560 8435
-240 5036
-9995 2259
-6168 4956
2921 5522
-8948 -4665
9906 1694
-1970 249
-3266 3945
5049 3995
2306 8747
-2963 8607
5259 262
-4230 -1607
7072 436
-9878 -92
7017 9038
-1831 408
-7450 -528
-9432 7345
-7730 -2605
-7178 -3206
5661 -4974
-4762 6290
7522 2320
-5405 3928
-6324 -4512
3247 -1380
4435 5326
5248 -1032
-116 4299
3678 -2824
-3613 2737
9226 1036
1658 553
7508 -1878
-2159 7264
1225 -6790
792 -3105
-2148 2077
-6387 -5771
-733 272
-9750 6632
8777 5375
5019 2044
-4267 -6280
-7339 -388
-3186 -2371
-2301 -5686
-4905 6054
-1598 -1621
-3835 -1350
2040 1828
1679 -5129
-9321 847
-1642 404
-6442 -6834
4090 -1614
2591 9019
8099 -4599
-7509 -6114
1508 -9687
8411 -9301
1155 -7295
-5770 8830
-6782 -3915
7986 -3441
5119 7847
-6700 3409
-8844 -2775
7894 -4257
-3100 3533
2538 1662
-6939 5714
-8558 9132
33 -8227
-8984 6483
6021 -7123
4895 8661
505 -9914
2324 7493
-6837 9314
-2353 -64
7095 -3648
-9054 5288
2463 -6857
2341 29
-1649 -573
-2596 -6121
1933 71
-2468 -4797
6909 1245
-9595 8846
2635 -1043
-8391 9002
-2961 -4272
-2654 -735
8014 -5712
-8037 7716
-3525 2835
-7247 9548
166 6817
-1916 -7147
-9863 2246
-3947 4819
-4136 2832
-1905 -9870
-7841 9060
-4342 5196
4658 4089
4546 1919
-6324 6124
4259 -7131
-4494 -677
999 -5679
7502 5685
5385 -5124
3271 4002
9244 869
-6870 6020
6785 1830
-4888 1406
-2097 -7761
7335 3708
2443 -1788
8277 8790
2035 3698
-2033 2697
38 7041
9455 376
74 3388
-7896 7068
-6221 1032
7035 6610
9008 1447
-9441 2202
-1981 -3090
-7081 1871
-1603 -2398
7835 -2077
-773 3516
-2454 -934
-2789 -6453
-3565 4750
-635 1171
6908 -7457
9152 4438
8559 9404
673 -7090
-7682 -7773
6684 -6206
4772 5652
6554 8065
-918 8614
7121 7808
582 -7417
4057 6008
-121 3733
-1551 -5496
-5760 9251
7642 -5057
1346 -1621
-5397 -2196
-8430 113
-9624 3621
-446 6765
4490 -9585
-5902 -7986
9043 -612
-706 984
3560 5736
-196 1715
2198 -7983
-5358 5563
5959 999
-1005 7540
-6208 -7473
4773 -4526
7024 -8610
5386 -1618
-1480 8247
-7575 3449
-3592 -8812
6545 9906
4674 -4722
-2468 -8400
6085 -2580
-3221 -9383
-6924 5111
4041 4948
-3678 -3982
5532 5197
7081 568
-8396 44
-6541 -8944
-472 -272
-1527 -2227
-3350 6021
6267 -2593
-8015 3772
7707 -5936
-1198 -1482
-601 901
-2024 -5877
-4829 -7531
4132 -5537
-8147 6716
3432 5351
7963 7482
-8736 -3965
3078 -8420
1587 -2879
-7779 7580
-1974 7289
4283 -6957
3178 64
-6464 -8239
-8301 -2049
8795 6606
9422 -7299
463 -6389
-901 3208
-1580 -9851
2677 6107
2999 -7699
7202 4514
-1684 5118
-9337 1088
-7346 -4509
4582 -3429
-7074 -5364
-6548 1869
3735 5074
-3108 -8921
-3545 -7099
-1361 -7126
-6955 6403
-6226 -5958
4196 -9006
4723 7003
-1892 2459
-5287 892
1658 -4448
5948 -5860
3740 605
-3905 517
-6887 5865
8766 -9736
7820 -2321
-58 -3662
4748 -6278
-518 -5169
4020 5185
983 6921
3687 -6702
-1824 7071
7582 -1193
4398 -8834
8463 -2147
-97 -8829
-116 7909
-8542 -1294
684 5442
-5802 -6596
-8223 -2347
5327 -8976
1264 2755
6522 3622
2103 -9941
-8858 -1236
7285 2633
-147 2795
