2990
-6618 -8492
8666 6082
2962 9035
3087 7353
-6094 1334
8864 -7460
-4537 -6716
2161 2515
-4157 -505
440 9216
2415 -1299
5749 -9288
7637 6202
-9428 -3359
-2512 -7544
-9404 7578
3265 -2986
-7391 3273
-9830 -6064
-7027 -5244
4799 7754
8642 -7181
676 -2016
-7149 5190
-2724 -7970
-5818 958
7835 5734
-7071 5168
5289 6559
171 9308
4085 -5342
121 -5128
4486 6930
6473 -5297
7008 6407
638 1896
3765 6092
4065 2526
-8005 5810
4753 -2465
9525 -4474
2432 2503
8429 9961
-2548 -6274
-6651 4926
-3396 3354
50 -960
-4040 -4495
664 128
-699 634
8087 -3912
-6740 8858
7495 371
3734 -2611
3324 -5131
-2723 -451
-4979 23
-3103 1421
-1149 -9769
5938 -6022
-1364 -2635
-5787 406
3099 -1262
-8229 509
1860 -925
-8020 -4178
-4370 762
-2811 4870
6794 29
9603 8456
-9651 -3957
-4183 1583
1788 9367
-9048 -887
-6046 498
-4816 548
-5951 -3988
-1933 6417
-8212 3546
9346 2654
9761 7778
9997 8136
8006 3222
9660 8464
4569 -4762
-3715 5456
2810 4000
-5953 -1081
-8941 4367
8869 -6068
-8317 -2936
6187 3496
-1781 -7352
-7827 1753
-5284 2171
-49 8257
-5843 -843
-1346 1835
-5250 9351
4114 -8059
1467 9403
-2854 -322
-2127 -903
-9279 -9172
-9423 -2141
-6366 2428
-1593 6886
7559 -112
3508 5572
7257 -4706
-2726 -6703
2587 -7841
5484 9880
8526 -8436
6210 -8693
3276 -640
8360 -5945
8246 8094
3311 2321
-7523 -7160
9386 -7091
-9822 3114
8859 -6543
3529 -9085
3357 -8199
2466 243
-4429 293
4187 -2279
3364 2346
-6991 -5147
8440 4617
5545 5440
1934 -4241
472 9108
5827 -7939
179 -3600
-6371 1013
9947 9429
-7516 -3220
5647 -5401
-9042 -7122
-9496 -5829
-7077 3822
4628 -5230
-4387 8999
3061 -6406
4037 -5526
197 5953
4176 5582
1854 3346
-9222 -4565
-5038 -2534
-6211 -2475
-9192 5285
-4149 -5800
-9370 -279
9722 5340
5038 5214
-1961 257
-7850 -5981
4624 808
4318 -8342
-5247 6922
552 -4328
-3904 1689
-3216 8179
-2912 -2909
9875 -1016
-3317 2592
-9085 -7312
1790 -9323
1930 9047
-733 3705
2520 9814
356 2147
-1915 -326
3899 4080
8872 2760
5512 8741
-6525 3872
3834 8634
2648 -4199
8745 -2591
-3093 8844
-6032 611
-3640 6336
6436 7953
-7366 -8179
-918 -4858
-1359 4428
-4997 -6528
4797 -8703
5650 5916
2760 3364
-6219 6831
4541 -4972
-3727 -1903
9547 -1391
1556 9894
2159 -1376
-1246 -5936
1463 5781
7956 -5570
-7087 2735
7967 6000
-4318 4787
1559 -5300
9135 9871
-8238 -4726
1742 -8262
9063 6358
3858 -4760
-3193 2326
-8515 5823
-7446 2810
-3220 -7879
-1188 1949
136 -6875
9293 -4494
-7687 -9751
2333 911
-8410 3742
-5017 -3120
-8256 5315
-6723 -2221
-8798 -545
3588 4859
-8272 -3968
9530 9413
7361 -7313
-5245 3870
6159 3584
1728 -6877
9690 -3763
-8841 -7338
3775 -6796
-2216 -617
6038 -9405
-4557 -5638
-1946 1533
4662 2427
7242 -6571
-3124 4092
2113 9380
4748 -5641
8808 3463
-6317 -3325
-7832 -7246
-4746 -5927
4392 8462
177 -9018
-4990 8341
-7667 9208
-5 4839
532 -1404
4929 -9872
5009 -4732
448 7718
-1569 8080
8492 -5093
-5002 6745
3080 -3789
7800 6281
-7951 766
7143 -5598
2157 -2080
776 3426
3133 -5009
3940 -6234
-7978 -9197
-4067 3041
9718 1549
4874 -3401
6060 -4418
1780 1540
8317 -111
-9394 3539
-5386 5132
1473 -6730
-524 4704
-9219 -2204
-2147 -9399
-9484 -5420
1850 8539
7654 -9004
-7180 -9807
-46 -6880
8119 -9085
1464 9542
-8766 46
-8973 6950
9757 -4052
-4444 -3433
3627 2176
9817 9370
4496 8770
9249 4994
-5699 1895
-8673 5219
1797 2955
-7274 1335
-7992 3780
4869 -6266
-321 7842
-1658 -829
6144 7116
-9437 1513
4484 6901
3172 -335
-280 3907
-2526 3441
-4796 -6450
5199 -235
-5592 5440
4716 5635
-3090 -522
-3076 1806
-9595 2003
3722 -4033
-5651 9153
8636 -3683
-745 2289
1209 9708
-7469 -122
-8114 6436
3502 3907
8908 9481
6305 1149
-1738 -4716
-4612 8836
2425 2900
3888 -1861
-9491 740
4549 -2247
-5404 8059
3749 -5989
-9937 7697
-5831 -7312
-7019 783
4855 -5003
8002 9285
-6838 2946
-1657 -2247
444 -8360
9469 -4794
-9751 4026
-2794 -2580
-8598 -6078
-669 -5680
67 -6893
-3547 -2162
-1919 -2669
4857 1136
6963 -7228
-4696 -5241
-3842 -8085
5186 3110
-616 -3218
9852 -2230
7858 8651
-8762 4962
6629 3175
-9171 867
9404 -2932
1317 -8067
4182 885
-6518 -3469
4144 -9308
-122 -8302
9511 1798
-4036 -3803
6343 2086
984 -9990
-8049 -3620
-1175 4780
2009 -5195
-884 6147
-7523 9078
3506 -9255
8634 8359
-1940 -2770
3081 4542
-3125 -2985
9926 8421
-739 -5821
3620 -744
6223 -8679
-888 -2326
-4167 -589
8912 2907
2341 -7394
-7149 -9123
4159 -3639
-2001 -6899
-2119 -1859
-1326 -2883
3883 479
3481 -1765
8593 5078
-98 6752
3750 5721
4263 7726
-3426 -3140
748 -4541
2835 4317
-619 9564
-3224 -9023
-8768 140
-5435 -408
7352 -2787
-8852 8977
8690 -4877
-7543 8520
6138 -1364
-6187 126
5796 5938
-9109 -2598
1426 8817
2407 3773
-484 -4952
-837 -2002
-9183 3219
9229 1089
2733 -1478
-4772 3833
-3559 3718
2244 -8782
2372 2629
7243 9840
2268 3274
-8690 -7240
4531 -5028
-712 -5645
3941 -9460
-7799 7781
670 329
-9450 -7800
-8711 -9175
2041 -9459
4129 -4423
3346 6930
-375 3916
-4303 -2278
-5046 -7790
-2024 -4213
4773 7539
-7585 5212
5043 5885
-1407 -9368
3743 -6776
-7294 1500
1901 -6361
-3490 -7994
6794 -3295
2851 -1135
933 43
3724 4674
2395 2197
-4555 -73
2153 -5398
7590 -7855
-1401 -984
-3571 -3843
7280 6209
-3643 -7372
-2179 -2846
1182 8495
7407 -9639
-8524 -4513
-4664 303
-3583 -9413
-8739 -2930
8630 6899
4203 -2359
290 6258
3724 4995
-6653 5273
-4337 -4950
-5386 8413
2401 -1756
-460 3308
-623 -5479
-5287 -3277
-2638 26
-6318 -4755
-7779 -3141
-5832 -3147
6915 -6628
-7276 5685
7350 -2729
-5660 -9493
-8189 784
-7175 -1916
9990 8398
2176 5021
9554 2826
2300 8468
2025 1175
4863 9283
-4589 2875
-3577 3422
-218 -4002
-1179 -9709
-1013 -7092
1235 -4906
-1324 -3560
6080 -3857
2850 9180
-9254 2247
-3109 -6659
9981 -7108
9258 7841
4039 9807
4263 -9738
-9077 3860
-3922 -2813
-1610 -5915
-7395 5698
7352 9633
7231 -906
702 5644
-9784 -9348
-2907 -3143
9445 -9900
1928 -1860
-3937 -4585
-3054 6815
829 -312
7508 1005
5887 7103
-3382 6935
2067 -4541
-7147 -9355
-8014 -2671
-4926 3762
7389 9177
3317 -5458
596 3282
6030 5899
647 -5563
-8224 558
5642 -2777
-1328 25
5988 -8964
2376 9578
1095 -1581
-8083 6912
5032 2503
-5625 9930
-2226 3461
-827 -8858
1820 -1796
-2504 1659
6445 4173
8720 9862
9956 -7742
-2452 3635
7114 -3669
-8984 -4392
-9546 -9963
8472 -7792
428 -8257
7113 3036
468 -2416
-5034 6575
-8011 7043
2645 -2227
-2691 659
4902 -3558
-6049 -5688
6957 8791
6523 -4474
3970 -692
-685 275
797 -7487
-9401 434
-8543 -858
1772 3311
-4171 7765
-6106 1482
8638 311
-8698 9961
-7742 7658
-5901 -2705
-354 271
-5196 285
-9498 3858
6583 8575
-770 9723
-3142 7339
-9425 -2700
-6415 -6515
-2353 7414
9486 2111
9635 -9756
8142 -3624
7471 3587
-6707 -7461
-5286 -2581
8185 5228
-4378 3202
2830 8004
-1558 -8998
4449 -6687
9903 2363
-3326 4867
-2992 4988
8989 845
665 -3471
9133 -8180
-557 -8244
-307 2333
-6010 -5519
4389 -4664
8432 -7168
-4309 7303
-7507 9057
-9443 4146
-4735 6530
-4584 1737
-8940 -3286
2046 3145
-5608 -3175
-7661 -5949
1672 7562
2743 -948
-628 -7929
-719 -4361
3122 4982
-732 -1089
-701 2683
5647 -1755
5131 -1278
-1895 5517
-7123 4621
-8737 -9011
-3372 -3505
-200 6727
3867 -2448
2100 8753
3156 -2033
-9031 -8722
3993 -71
-1524 -2133
6516 1110
-2317 7627
4556 8156
-357 9527
6536 -7231
-3407 30
8720 -2727
6595 278
-3501 6314
-4386 -1119
8269 72
8534 5383
8384 -2451
7645 -6892
-882 -1897
7393 -393
1496 2943
-3478 2519
-3101 2232
-293 -4998
1294 3305
1108 -163
9508 5465
9868 2302
56 3567
-4578 7949
1719 5320
-2938 -6251
-5937 -4737
1871 -6798
4083 -6608
2718 4901
-3315 7050
1932 3815
-8432 -2657
-6827 2021
6787 2661
-4838 -6452
9050 -1783
843 -5440
-1405 6293
-5027 6139
-1094 -4816
6646 -8555
7400 -3145
-8393 -7734
-651 -1106
6633 707
-4147 -128
-770 -500
-6522 2852
5147 -7739
-9307 1548
-2126 -551
3049 9967
3835 -1633
-736 -1123
-8278 2691
-5337 -267
6226 -6866
2084 -1162
1319 -4044
2753 -8877
1307 3570
5089 7830
-3919 2813
-2736 7357
2534 9141
-2077 -8711
818 -5481
-377 -3032
-4905 7335
-9221 1227
-1946 5592
2691 9342
5394 -4672
5307 6750
8532 4773
8356 -4394
-8007 4748
-4877 7681
-6956 -9932
-3166 7857
-5239 9089
1351 -5485
703 903
2134 9000
3222 -5495
-1703 9093
-9377 -4898
-9584 7336
-5207 -4337
-3966 -6095
-3257 4803
6867 5007
9672 -4551
-8448 -4384
-5372 -1187
-8038 7941
5436 -7606
5304 4804
-1669 4860
-2882 2647
-7478 -7636
1244 -4933
5814 -8379
7208 3704
-6249 -2683
8426 1207
-1750 -568
-6057 -7269
-4656 -254
8076 8489
-8552 5813
-3227 9989
-7827 833
2108 2221
2003 5578
-7196 -8977
6693 -8660
307 -7317
-2701 -4608
9864 -8248
-978 8170
5100 734
-2810 3249
-9008 -6770
529 1150
167 -9916
4287 4485
3785 1941
-8516 1598
6759 5521
-6898 -5665
-266 5455
-8954 -8913
8899 -2350
5256 -5360
-1574 -3182
1391 -5796
-5741 8205
989 9909
2752 636
6238 577
2871 673
-5780 5187
-3476 -3543
346 3699
592 -4058
5436 -5462
828 9825
-7840 5676
3140 7163
1161 6239
3468 7242
-6374 -678
-6614 -4887
8843 5079
2065 8951
-6197 -5427
-2515 7590
7588 -1432
-9507 5222
8844 6038
8454 -7400
-6050 6600
8098 9388
-4042 -9172
9545 3941
295 9943
-3482 -3838
8925 -8126
6396 7387
-9159 -3152
-1713 1444
6950 8625
-4439 -4024
-8072 -7948
9793 5719
-6414 -2082
-8618 -2244
-5436 -5887
2546 8937
-6395 1442
6712 -13
-621 6805
344 -1188
-3304 275
6524 3859
8892 -4671
-7915 9009
2297 -6986
-9647 2811
-340 7765
6707 5944
4281 -8703
-3257 -4672
987 2760
734 -6544
2959 -9799
-2604 8445
134 -8235
-3328 -6490
4113 -4597
623 -2823
1917 6016
8663 5662
1792 7041
2907 -353
-539 7326
-7732 4297
8021 4039
146 -2497
7257 4467
-3445 799
-2501 -122
-3741 -5914
-7425 -982
3676 -4292
9231 -8823
5779 -5318
831 2625
-1525 5622
4302 9814
1654 -3228
-4838 2675
9197 -1883
206 -3969
3032 -8846
3699 -1676
-7889 -6084
6052 -8277
-7619 -9235
3246 -6
-5906 4528
6620 7189
-54 1509
-6973 3288
289 441
-9678 -8408
5851 -9263
-9682 214
-6015 -3649
-9735 -2774
7399 7379
-4330 6516
-8238 -45
850 -473
-3437 -470
-3782 -8299
-9646 9551
-793 -2343
-3911 9847
9801 222
-2742 1470
9044 -3073
-4057 889
-6169 6557
-8905 1406
6119 5221
-2428 8868
-1755 -1497
6918 -5425
9677 8071
8498 -4712
-6902 9485
-33 -7458
-7575 -1737
8402 -975
7848 2464
-3504 -7285
2652 -1874
2456 -3121
-3497 2146
1158 -5458
2776 6696
-5166 -3532
-3365 4373
7014 -5799
-1161 -3466
6297 -5782
-784 -2813
9793 2793
4897 -3408
-6280 -969
7853 -1067
1517 7212
-9457 3062
9212 3289
7121 -2389
-1451 4928
-1388 7490
7412 -1118
7101 -3485
-2689 4945
-3959 -9361
-256 6287
8627 -2717
-997 -9657
-7072 -9303
-3578 8158
7112 4774
6097 -1950
3497 9741
-9522 -260
6619 -3647
237 -394
3965 -6403
3074 -730
3957 6271
7156 2835
-5560 -5153
6134 -9434
-1861 1530
1648 5689
-3759 5198
-2859 -1518
-1546 2189
-5881 673
4429 -6526
-640 -3103
-601 3276
-9516 1807
-6757 9727
-5664 2234
149 -6819
-876 -6523
-1196 -9023
-4950 -9015
1229 -9772
2585 -2294
5396 -3037
-7936 -1875
-8146 -8856
6863 -2596
-5037 9762
-8705 -1983
6603 -9625
2727 -4300
-4954 2108
6673 4934
4974 -2868
-3775 9540
-3095 9116
-8286 -8295
-5971 856
-7894 -2049
8348 4546
-5020 1509
-613 -6476
8644 -6223
-9260 6535
-5340 -3197
4993 -8251
-9077 9577
-3104 -1698
-8805 -5670
4797 7314
-1817 -1531
-6257 -8718
-9793 -4599
2318 -1821
818 -4993
8762 3062
-6044 -5837
-4004 1318
9194 1539
-6858 -6449
-6850 8876
4039 -7904
-9971 7644
9813 -2522
9070 -1773
-8433 -8587
-7870 484
-6495 8205
2044 9473
-8455 -1756
4076 -9294
7254 -3648
-7255 -8975
-3562 -150
-3573 -7142
6568 -9224
-7080 8823
4164 -5635
659 8153
-4910 -1275
242 3842
-8457 -2672
1916 1764
119 -4006
-2280 -1470
-1311 4628
-9868 6984
-8366 -9216
1475 8845
-2645 -1276
4208 7692
-860 6437
-3200 9865
-4150 9431
457 303
-5288 4024
8965 8032
-5621 -4723
5117 -5207
3067 -7395
5353 962
-5406 4055
4202 -9394
1760 9095
5809 -5084
-2721 -668
-8036 -5771
560 -5042
-2209 -3834
-1992 2987
1759 3430
-2127 7204
-7189 3039
-2068 6789
611 2269
6551 1966
-141 9154
8904 4076
2567 1413
-4832 -9017
-8245 3938
-5327 -6378
264 -3090
-1360 6863
8797 -5699
791 -9809
-278 3044
-4993 400
6121 1989
729 5778
8574 -2360
-4183 -3178
4655 -8652
-6360 142
-1905 817
-7530 4595
8814 9612
9414 5329
9850 733
-6196 9969
-414 830
2088 -1379
1923 186
6750 -1589
-2531 7132
-2632 -9194
-966 5636
3618 -1261
-504 4054
1938 4562
-7575 4085
9894 3196
9419 -7213
662 3077
9000 -7255
8651 6571
9775 -8016
385 8549
9350 6551
2058 8427
-7097 401
1287 6261
5780 -9238
-6793 2276
-5483 -6319
-4788 3584
-5920 -2656
6598 -7376
47 6293
9669 -4138
-1389 5748
-1594 1323
8272 4134
9634 -6619
-4648 -4588
5656 -1998
6804 -5541
2596 9262
9881 -6563
-8669 295
-9430 2710
9744 -8741
1882 6059
-4753 -3712
8856 8332
2770 2678
-8779 4892
9316 -6838
6453 -594
9206 7035
6961 -9090
7194 -587
-5474 6058
-2203 4746
-7411 8049
1684 6113
5152 -9167
5896 -3759
-3419 -6721
-1730 -2642
-3687 -3443
1127 4522
-2333 -2421
-6539 -885
9043 7545
4033 -1437
4931 20
2751 5455
-8274 9173
-9087 7536
4026 401
8775 8718
-9035 -5561
-9666 8784
3733 4016
6704 -4155
3494 -5718
-9012 -402
-2644 7652
-8684 7968
-9882 8504
-7945 1808
-3839 -3437
-5154 9749
8530 7547
-3772 7933
-5277 -1258
-9055 6870
7167 -3497
-9913 -2131
3469 3861
-7431 7935
-6333 6053
-2643 8983
-5766 -5919
5777 -6000
-7511 9702
3953 8881
1274 -7441
-6023 -6167
225 2558
-5278 8045
-6789 -8546
-4477 -4589
-523 2681
-99 3210
-4808 547
-5667 6796
-208 -8901
-6163 6510
4197 -1976
8868 1442
9718 2893
6974 -5692
1659 385
-967 -8099
7357 -10000
-1827 2449
6915 -4465
1977 -8485
-5694 -5141
-4500 -2192
1230 2341
-6486 2067
-9145 -1164
-7899 -4221
-6799 -845
-6878 6378
-8889 6579
7716 -8388
-3651 -4982
4158 4428
5173 9585
9534 6867
6891 -9885
-874 -5857
8162 5604
1832 5392
-6975 -7809
-2698 535
214 9023
3290 6828
2841 292
-7645 9576
9921 8072
-6672 -4796
8668 7924
-7779 717
1407 2417
7065 -3674
-8948 504
-4150 6027
390 -8153
-9452 6112
3888 -3474
8511 9063
-618 3161
9090 3654
7308 9738
-6744 -9926
5768 -3135
2581 -9354
3935 -9980
-8563 -2831
3346 -89
9840 9874
-2977 -6122
4572 5010
-452 1497
4120 8445
-3299 7498
-1581 -9581
2468 -4032
6718 -8329
6903 7872
753 6683
3791 53
-8801 -7186
-1356 -6761
3377 8318
2566 -6743
8220 590
-214 6725
-6075 -2990
6954 -6925
-571 61
-176 6574
4519 -3267
-5027 8875
6743 -2612
7500 -7107
7774 -8407
-6405 9885
-7158 -5359
-8957 5342
503 8653
-4219 7387
9251 511
-7662 -4006
9998 2738
4532 -3529
-4807 8092
8284 -8420
-5481 -5530
6456 -1951
3723 1069
-8154 -3427
-2041 7540
6791 -5519
7770 9130
679 -5790
1377 9718
-9720 5429
3652 5719
-365 622
-8866 -2080
-7936 -6991
-1467 9407
6952 1337
6990 8852
-2731 5142
3976 1842
3893 -1697
-9659 3844
-5 -9205
-2577 6891
-4643 3412
1911 4044
1689 -97
-3702 -363
7204 9224
-8012 -4754
-7931 -8615
-977 1881
-6444 -1396
3842 353
5089 5863
7764 -9977
-8152 2388
-769 2374
-9483 -3622
-8649 -6712
-1845 7000
4431 3191
4843 3452
-8311 1752
-56 8381
1426 -6586
3924 8437
7422 -6489
-8309 -9958
6351 1915
6000 -8387
9261 -5755
-9736 3381
-1984 -1228
-9854 -2533
8318 -8620
-4279 4345
-3133 263
-4519 -8258
-5080 -4574
120 -4473
309 -7591
-6453 -435
7320 -9441
4427 5340
9036 -8685
-7847 8407
9713 -9418
-8740 2428
-5314 9094
7231 -712
8106 -6376
-4438 2190
9870 8179
2780 3097
-2037 -7586
-2767 4552
8327 -4647
4275 2818
-5300 -3647
7913 -702
-7617 1769
2275 1892
2878 -366
-75 3671
-3500 -3746
-6476 -843
-4621 9973
-6325 -4440
-32 6364
-8175 9615
5181 -1350
-6821 -2481
-3002 3507
5521 1342
2180 8036
4747 9347
688 3356
-8426 -4489
-5784 -7197
-2429 -2371
1614 3257
-4815 -488
3517 4482
-757 9773
8899 9921
5742 -1396
7719 7495
-7127 8738
8019 -7219
7002 9681
5829 3743
9936 -6221
6124 7016
-9585 9339
-8635 6658
-1014 6567
3140 4087
7124 -1204
-1036 -1920
-9347 -9305
2948 -3611
-8590 -1388
-6756 7405
-3605 3130
-190 -1967
4948 2856
7676 -2403
1481 -5688
5805 6761
-2708 2057
-2552 -2539
1712 2334
-9532 3459
-1222 -6012
-8852 6345
2250 4075
9034 -2907
4054 -7883
-6864 -3026
-4154 -7452
-9778 2001
-9178 -3786
-4452 -3730
-1787 7192
9699 -8764
-6260 -817
8489 -1625
1040 6853
1048 -8025
7440 7231
-9957 5424
-443 4227
5260 -5955
9869 4393
-3881 4350
6288 -4434
-6253 -9808
-4380 -2838
-7669 2770
8876 5226
-2232 7384
-3979 410
-2876 -5042
-6043 2906
2433 70
9473 -3761
-5627 -2446
7003 -814
6608 -1340
3850 -5951
8355 -8855
-3227 -6762
-8861 6617
8182 5442
-5223 921
3309 1218
-4276 5154
8201 -8297
-3140 447
-6783 -135
-6275 1728
-631 -6062
-3870 -2892
-7304 -3173
3622 3796
5604 -2172
9910 -7002
5930 5285
239 -9304
34 -6373
-819 2179
-8640 -6322
-9277 -9534
-9946 -3847
-7221 9134
5511 -1571
-1612 2969
7287 -6592
-7635 -6847
5969 3866
4929 4334
-4038 1475
1953 -5238
4857 -7872
3464 -844
-5587 5342
9392 9552
7646 4382
-7156 1624
9297 2924
-8164 2430
5059 5273
2726 6388
5053 -4733
-5456 8631
-538 5002
2580 -8261
8991 -1873
6231 7933
-7973 -2168
6708 3503
441 -5490
-996 -9794
-7325 1846
9020 -6665
-777 -4458
-2131 9691
5893 -9836
8543 255
-195 5377
8558 2675
-5921 9298
-6666 6008
9003 -5326
-6194 -589
3077 1907
7547 -6813
-9185 8875
-181 5120
-5857 -6208
8268 -2553
4557 -1969
5176 -2456
9490 5390
830 3363
6903 -3211
3856 -1389
8261 9488
2580 6737
7794 -4083
-9115 445
-8583 2105
-9842 -9312
6410 -1851
6332 -1069
8411 1328
-6279 5603
-6273 7739
-6778 6156
-6340 3400
-7314 -2432
-1419 -6879
-4872 3843
-6890 9505
8209 2349
5158 5787
1089 286
-4673 -46
8571 4010
2871 6946
5105 9414
4301 2220
8439 8012
315 1626
-3606 -649
-5738 4863
-6988 -3213
-4942 6208
-5468 -4825
-5446 7830
-1202 -6442
-2957 -2326
4041 -5872
8748 -9024
5932 -612
-9209 1031
4024 -8145
-6463 9146
-6197 9508
-8520 9347
-5706 -6743
1931 -5304
-6484 7518
-7735 -9078
-2183 5691
5394 2547
-3524 -638
-7458 3462
4879 -7024
6752 -2157
-7739 1318
1893 1121
-1750 1071
-5723 2224
2846 2542
7266 -8114
-9168 3738
1662 6403
-8258 -4233
1249 -9656
-4667 -1403
9584 2435
2406 -4040
-303 9982
5369 8451
1879 -8342
-7241 8674
3938 2871
8284 -9447
-5054 3733
-104 7739
9925 5186
-7013 -6312
5108 -8196
-1404 -3408
8979 -8461
4950 6326
-7771 -4394
-2173 -9977
-2025 4845
-2463 6106
6374 953
223 -1678
764 -622
-130 7027
-3981 667
-4929 -2661
-9848 -4071
9803 2673
3376 -1140
-4474 -6966
-8038 5644
-6590 6835
3077 -8963
-6726 -8725
-7769 9523
-6488 5660
767 8783
-1521 -4700
283 -2950
4554 -2473
2587 -9489
5589 5164
2241 -6531
2801 -7236
1789 4091
8220 -1191
-8353 2970
-9797 -8656
7604 9640
-8487 744
2863 3746
-8002 3363
-6794 6099
8069 551
7470 6530
-7780 -1995
1917 -116
8871 6846
3669 4435
-9958 9326
-8622 7775
-2904 -1466
-9600 8573
-4318 7520
-6426 -4645
-4108 4359
1398 8512
1397 -7693
2969 6803
-3463 -2003
-3644 98
5467 9204
-9225 -609
6202 2944
-9098 -2809
8779 7132
102 -8130
-1320 -6829
3515 -1941
192 -7416
-5192 -6623
-4133 -8086
9433 -2466
7396 6393
-1818 8411
-6651 -5446
5358 -3386
5823 -8783
5663 1218
9811 -4422
-6182 -8929
4548 -7711
-5446 3932
5151 8924
9365 3587
-5228 -3210
-6945 -4512
-5296 -6102
-4678 3892
2195 9710
-7841 1066
4943 -3535
6030 4972
-9123 333
-4220 3317
4077 -6755
7368 -8370
-7159 -1845
3761 -723
-9673 -9583
8610 -6884
-8676 -3294
3734 -7614
-8041 2809
-2054 -5226
7721 -4199
-5779 3789
902 896
4006 -3897
-8404 9780
3761 5388
-4483 3765
1464 -8660
2376 -3547
-1210 -2931
9054 -2750
3421 -38
6593 -1884
4163 8493
-4997 5472
6023 969
-6209 -527
-2887 -3780
4840 -5908
1636 -2322
8126 1465
7492 8864
7984 3313
8908 9163
4301 7678
44 -9968
8280 4146
2831 3639
6969 2116
8501 3543
-473 -4894
-1396 5537
5510 -2175
6685 1309
-3608 4138
-3243 -260
473 7986
5336 -8697
4964 9544
951 -4062
-1228 8054
4192 -7417
-1295 788
9514 -2293
2010 -4557
5185 -4108
-2997 291
-7764 -2103
480 -8211
2842 8170
3206 3660
7875 -8471
-7126 5917
-4438 -6387
-9405 -1657
-9431 8361
-4646 -1943
7979 -3309
7876 5340
-1116 -603
-1903 8815
-6562 6735
-1370 -5749
-2374 2699
-6031 -3693
5309 5408
-2478 -2555
-8451 3562
1750 -5426
-552 -3209
-3148 1874
6881 4675
1467 -8073
-1518 -9708
-926 5968
1512 6233
-779 4841
3669 7975
-7543 -7603
7851 -1013
-572 -3333
-7226 1205
-9828 -3202
4381 -6874
-6555 4052
-5758 9404
-34 7228
-9702 -6931
3752 -4305
1516 7818
8820 9339
4355 -6347
-1559 -8946
8894 5990
-630 3280
6258 -9590
9200 -4194
6782 -9466
7041 -5519
5328 7087
692 8450
-9072 -2191
1448 9848
-2189 4532
3694 -9250
-5460 -8756
8498 3735
9091 695
5542 -9478
6678 -1743
-4999 5093
-4230 -2835
-9872 -3649
374 -2691
3137 6096
3565 -5093
-5510 2289
5703 9803
6404 -9213
-7366 2249
7815 -7284
8766 -223
-7777 -643
-1208 5061
3367 -6724
-6033 -1696
4455 -1088
6904 4653
3363 -5189
-7449 8235
-1373 -6864
-8438 7114
-1206 4647
6359 5066
-6179 -1257
5577 -8988
7851 -1222
-4787 2403
-684 6850
-3821 -620
9519 5731
6380 -4723
5272 -616
-6460 -1587
-9812 2906
-754 4882
5299 -8369
-7670 2812
-5312 6121
-8136 -9572
8986 8285
-3156 -5166
7375 8889
9161 5876
-7179 7535
3268 4176
3951 -3847
-2652 -1777
716 -2759
-3707 3859
-8295 -3248
2902 -286
9369 9090
898 278
5625 -6426
6573 -7594
1896 -8420
5378 -8385
604 -6883
-7183 -9160
-8830 -7727
-8634 5679
188 -5121
2657 -6624
-4291 9842
1074 -5381
9646 9927
3518 3503
5408 2072
6218 -1412
8995 2956
-8897 5234
8496 -1301
648 -5343
8873 -8707
-9598 -640
6372 5101
2260 -240
-4314 -5527
-7042 -1306
-6057 -3064
5738 -5382
3655 6220
5562 -2136
-8943 -5277
711 5243
-68 -5129
9300 -5184
-9665 6973
3596 -9010
5614 -4205
-2438 -1280
-2022 -6803
7497 -2321
9547 5664
2438 -9035
-9576 -668
-7166 -7236
-7312 -8865
665 -5423
5915 9290
4060 -1337
-7602 -6510
-2711 -4848
1062 -3719
5941 -1505
4851 -6971
-9573 -4718
9899 1674
3316 -1077
2099 -7321
-2978 -5408
7989 -4816
-5224 5953
-2758 1996
5452 -2475
-8165 6142
-3979 -5140
-4091 1145
-1711 794
-8827 1743
7364 1897
8126 7613
-2498 -6024
5802 -9947
9109 6852
5852 -3916
4360 7453
-4173 3484
59 -3062
4460 4687
-2958 3079
-2582 -906
-9960 8373
-7904 5188
-2210 -4493
2496 -1965
-4858 8395
-6061 -2027
5798 -1838
2879 -9776
3950 8818
-3397 5731
7403 -1954
8595 -4778
-3568 -564
-7496 -6953
1855 -2897
-3734 -9838
5661 -6501
2807 2279
-6561 -6942
-7771 -5197
2645 2342
170 9888
-2019 9731
1235 -7424
-4238 -7500
2376 -2654
3692 7246
-1424 9501
-4252 -925
975 4053
1858 205
7274 -2304
-6948 6869
1817 6053
3546 5645
-6956 -2967
9194 -9855
-2350 -2979
-5926 6648
-8252 7486
1518 -3124
-7486 7131
7527 8788
1807 8009
-3091 825
1681 -1945
-7997 -896
7433 -251
4433 -9940
-6217 -6398
7882 -4136
-1278 -2571
-5975 9700
7320 6444
6893 -3427
-4876 7987
-1499 -907
-7213 -529
-1616 -8868
4062 -6275
5309 -8249
-8591 -2443
6197 2449
-4784 -1890
-8249 4755
-8793 -3951
-897 4522
-8777 -8034
-9454 2115
-9016 -3792
-7286 -7483
1515 -3920
7744 -7970
-6561 5601
-4142 -9113
384 -3256
5674 -6633
-7709 488
9127 -1784
-6076 4724
-7808 2395
-5913 4535
4266 5928
6204 1280
-1785 7240
2496 6855
-2176 -4776
-571 3376
6879 5880
-535 -4648
-8560 5537
-8223 7819
7468 7979
6539 9804
-4496 -1169
-6088 -1506
-2812 -2491
3876 -4684
7802 -5566
1538 7845
-5043 8583
-9940 -4564
4010 2616
-1742 1673
5685 9849
-1822 -9410
-2603 9325
2428 -1634
-7872 -9178
750 -1012
9135 -8231
8429 8974
-57 -1338
3438 -6414
-9951 2278
-3240 -827
-3282 7545
-6491 -6908
1581 -5861
-1745 -4340
4125 5729
3080 -5306
-4828 1818
-5775 3594
-5660 -7793
3481 -1554
7379 -7190
-1613 -2353
1899 -9012
-3657 -2937
6737 8813
7003 3329
2095 -2689
-4237 2469
6106 831
-8396 -9612
8864 -1820
-9847 9317
6025 1030
818 -784
-4831 -4224
-9729 -877
5535 -8792
-915 -1234
-5860 8909
-8617 1281
-4506 -2798
-6877 9891
-1036 -6348
7041 -4735
-5807 1639
-1184 2397
452 -3718
-7832 5246
9196 4754
4038 5331
6603 2247
131 -6349
-4919 -9645
-2206 7369
7081 6884
2857 6736
2053 7728
-8587 -2555
1013 9287
67 -3484
4266 4339
-3342 1244
-4457 1682
1141 3151
3561 -9054
-3675 5816
2433 -3423
394 9448
-8684 -7443
5196 -5745
9476 -3320
-9009 3487
-8585 -7715
-5273 -5355
2807 4407
3208 8011
-2746 -4438
8581 4175
-1204 3255
-9106 -8057
9267 8765
-8839 -4119
-9235 -23
-8952 -8951
-3084 5030
-2564 -6717
8325 -3219
3943 -9555
6306 245
8174 5761
-5725 513
-4255 7631
-77 9884
3346 2891
3344 -5417
5269 -282
-2838 1943
-8788 38
-9683 -8735
1198 3218
6450 1728
-8623 -7233
-8868 -5741
-1183 -7644
-1215 2602
-3917 -5422
-2926 7718
-5324 1142
-4103 1177
1842 -6412
360 6096
-513 -3199
-8049 7426
8284 -5928
730 -989
8851 -5639
-1500 -1981
-4792 -6392
8977 -1837
-7049 -8494
-6146 -6470
5038 1860
-5324 8174
-8816 5152
3124 -759
-4550 4007
5304 -7433
9916 -4173
-3238 7408
-7011 -6766
-647 5818
5953 8554
-8216 -7661
6444 -7527
5646 -6249
3281 9014
-9165 982
641 -7930
-3321 7055
-6753 -650
5051 -9932
-3370 8093
1282 -2244
4856 -6161
-7809 -2702
-1057 -8013
-897 -8883
-9750 -9745
-4130 6141
8145 -3472
-3688 -2540
5446 -372
7866 -7352
-1068 -340
-9774 5589
-7183 2926
-7164 7427
5208 -7514
-9598 7131
1854 5635
7609 -2676
1559 -1589
7842 7973
-5076 -5636
-9790 -8776
-450 -5219
-7486 -5940
-456 2119
8462 -1694
7615 4107
4052 -4393
-6569 1384
-3334 -6875
1397 -8825
4286 176
9135 -3711
2802 302
-5759 -1239
-937 3998
2701 8394
-6035 5977
-9548 878
-8363 4327
9169 1697
3111 9613
-7900 9849
-3397 6716
5523 1676
-8149 -8811
6991 5819
3030 -7970
-7893 4348
4341 8826
-5312 6276
7194 -8600
9458 9420
3531 -2960
-6144 4322
2918 2839
3999 4600
3506 -2141
7743 226
9155 9814
648 1083
-4484 4235
-337 7214
9039 -6897
-706 7243
1907 7434
8400 -3118
4740 6421
-6744 -9489
-5053 -6938
-966 4117
-6825 8611
-3442 7608
7051 168
-3398 1701
-9572 1942
-138 -7984
-7020 -2698
1724 -2655
-7961 -3285
8969 -4087
-1417 -1851
-9211 -324
5191 -105
6458 -3783
-5486 150
514 1083
-8478 6510
8928 -5706
-4041 -334
-7274 -3217
-2340 4846
6732 -5274
-145 4343
-1703 -4675
5054 -9171
7205 -3828
-2846 -184
-8334 6319
-8614 -8995
-9232 -3027
-1322 -1975
777 -2507
-4269 -3143
9203 -9901
-1113 -4346
2018 -4012
-5264 2779
8204 -9249
-5490 198
-5075 1638
2629 -8411
-7016 6106
4867 1075
-3958 -4180
-5537 -2695
-9211 -7593
-8234 2986
7490 -6730
7241 4366
-4374 8067
-8403 6305
4602 -5127
806 9969
9074 -3965
6935 -8910
4881 1262
3597 1917
473 -1759
-2304 -2684
-5521 -8532
9102 -8448
-3720 2574
739 -5383
-4052 -8970
8668 4399
321 -4030
-5429 1005
3433 -4011
6972 1944
4603 -3662
2626 5935
-2457 6270
5310 5274
2027 -9825
6232 -6379
4212 7317
6501 983
7623 1243
5186 -369
7549 9826
-6473 -1825
-688 -5152
-5412 -3764
-2474 -2910
9434 -9832
-1935 -6701
-3130 -5033
-6485 -5496
-9717 5801
-4067 507
-327 957
4760 -3702
-5413 1022
5016 -3822
-96 -4612
3686 5345
1012 -1241
7289 -7150
-4122 5905
2164 -7742
-25 -7027
-2065 2139
-7143 -8259
-7402 9339
-7009 1564
3425 -8500
-3413 1403
2831 -2824
9133 -3455
-6217 6356
-7475 -1171
-2874 2897
-6975 7589
-9432 2843
7854 -1234
1623 2272
7711 7156
9619 -4721
5001 -9510
8043 5632
5488 -226
6807 -4988
1323 7601
-6172 4097
-2406 -6696
-1076 1385
-8929 -232
-4361 1708
-64 1023
-4200 4694
2907 -7695
406 -6856
-6651 7230
-5879 -8665
6565 -8901
9379 5061
7426 -1367
7530 1452
7849 -2397
1295 -7375
6154 4972
7250 6648
2972 -7772
-121 -5351
3739 2744
7549 2694
9959 408
-4457 -4611
-6091 6948
7852 -7810
-196 -1707
5399 -2250
-7299 -2626
2425 6025
7182 -9654
9108 1371
-1818 43
1973 5198
3630 -4698
1705 -7300
54 -289
2269 5817
-5564 3771
-8537 334
-4796 -7619
2806 -4906
8339 -835
-7079 -8840
3488 9364
-1176 -5078
3442 5662
9966 648
4028 -2766
8722 5376
-9407 -9485
-9998 -9883
-8322 -7814
-1727 -1439
8052 8710
-633 9382
3004 -8529
-1396 -7349
-7754 653
-7341 3832
-8510 -6405
-3569 1167
7287 -8873
-3302 573
873 2950
2815 -4035
-613 -8806
7980 -626
-7797 -6930
-1672 -1681
3424 9886
3891 -9390
4509 1591
2045 2138
-496 8354
9672 3595
7985 -9412
-3002 4553
9635 -2023
4966 3092
4119 6974
103 9337
-6439 3111
-7594 -662
-2346 -843
4356 8471
6309 -8560
-9409 3478
-8133 -2687
5415 598
-9065 9328
8126 2405
2938 -5119
439 -6624
-6640 7462
-6197 -5366
-4604 5350
252 4278
-8069 6132
7152 4437
-127 -9133
9367 2750
626 3080
-5706 609
2025 5093
9704 -2287
6672 -5020
-1895 5431
6620 -8273
9737 7627
-6532 -1337
-3162 8075
1651 1539
7104 4243
-6165 7828
9720 -5209
2284 2928
1741 3291
6715 -106
-2863 -6708
86 6506
2051 9020
-3046 2464
-6822 8377
1983 -5057
-3334 4184
3431 -1690
-8591 -8458
-6926 8454
8523 -2464
-9264 -1205
1476 7186
9345 -2384
2483 -6877
3009 -8312
204 -9844
7373 -7437
8302 -5248
-4049 7217
-4082 5192
-9801 -6458
-7766 -7877
-7430 -2207
-9424 8784
-1865 6488
4213 282
1590 -2035
165 3934
9009 -629
-7321 -8349
-8053 -7151
-8437 -5158
-7395 -1981
-1322 6951
-7069 -1389
8753 4962
-9890 8772
-60 831
2786 3176
8658 -4715
179 410
4145 8388
-6007 269
5224 1072
8005 -7387
1511 -7060
-1736 7990
-1771 4827
6699 1332
6340 -9501
-2244 -3951
273 3464
3233 4353
1720 -5594
5252 -8981
-5726 -8809
3623 5314
-7214 -2689
562 -64
2022 2637
3818 7151
4665 3223
-5231 5273
5209 -276
7530 -2212
-3560 1321
-934 -5769
-5572 9933
-1288 4037
-3357 1215
-4389 -6675
9985 4256
4165 -3861
8274 -1494
-6657 -4666
4487 7534
-5225 -6163
7074 -8742
-5373 9992
-284 7911
-8474 -893
-6674 9435
-6561 8044
8700 -2822
-3413 4227
-8043 -7754
6362 7956
9066 8880
469 4307
-8924 6474
8606 -6280
-1500 1853
7951 1023
-6324 2849
-2851 -9863
-5339 -1942
9714 1284
-362 -6494
839 -9566
-3988 -4011
-3418 -5411
529 -469
3184 6748
4943 -4523
-8135 6763
-8108 2404
4714 -7256
6250 933
4356 5252
-7585 -1611
9462 -6011
9958 3837
2959 -7281
-6297 2223
-1337 -6316
1930 6482
4610 638
-9596 -471
656 9609
-3326 -7314
6651 -5132
-4482 8637
3649 -4189
-1642 9814
-7303 -6884
-2964 -828
-5030 3145
6285 7768
-592 -206
9380 -9207
-7794 4760
1833 5743
9707 -1530
6249 -3479
-5764 5781
-1609 -40
-6323 -658
6577 2321
5719 -148
6838 -7698
-4800 -4884
7978 -3768
-6907 -5135
-2158 -8173
-666 -9969
-9711 -3786
-1137 -3769
-6078 6086
524 -9946
6592 -988
-9921 -4363
1141 -1914
-9567 5943
-1537 -9065
1499 -4406
-1993 3218
1575 8208
-388 6184
-1708 7902
-7724 1097
-9508 -1936
-9936 1700
8698 5405
-6094 7320
1556 -4741
-2619 -6132
-4916 -1275
-3956 -6705
8126 4350
-3575 -8313
-9268 4980
9522 -6124
-6547 7341
-3445 8408
2305 -4850
8202 -9440
-8441 1206
7373 6278
4788 -6384
-9681 -9501
4192 -9617
-3312 434
9620 6047
8317 -525
-5798 -653
625 -2558
3840 177
2391 -7867
-9167 9917
8276 -9723
3905 -1908
2042 -1770
-2120 -8736
4463 4918
-3300 -5047
-6803 3716
9573 -4217
-5359 -725
526 9374
-3919 5604
1643 1170
2516 -9191
3252 7607
6197 2844
-2722 -7118
-7186 -827
-8474 -4909
5802 8217
9418 8662
5977 7645
-8347 1514
9323 8346
-520 -6133
-1379 4184
-3557 -3571
4816 6221
4179 -8662
5405 -9735
8024 -2271
-2280 -5270
7950 2642
-1329 -3224
-6059 1274
-7977 -3375
4148 7035
6582 7659
-4687 7400
3723 2966
6440 3376
9224 266
1990 -347
-3220 7374
4215 -2949
-7617 -9985
3176 -2542
-2209 -6551
1266 -5432
-3305 2656
-8327 -5453
213 1753
-975 -5529
-7978 -6356
1665 3795
8776 -5579
-2771 -6253
-3896 -4311
7797 -3546
5900 -8950
2465 -4282
-8143 -1669
6900 -6813
-4961 6421
-4080 -916
126 -7871
4051 -6623
8891 100
961 5231
-8509 7873
147 6707
9260 -7985
-8226 -9367
5398 6947
-886 -6362
-7504 2219
-6290 -778
7839 4692
6924 6525
-9464 6116
-5378 4185
7935 -7109
-5448 1851
2368 5204
-1652 -8479
5328 -2430
1244 -5184
-6186 -9591
-736 4589
-9682 -7031
4732 -1859
7600 -3664
2470 9587
4337 5700
8049 8479
-4170 -7546
3540 4656
-3287 -8782
-3886 -5935
7748 1284
-4234 -2436
6083 -19
-9494 -9845
-700 -7337
-6987 9486
1570 714
-703 4374
-5207 -3440
2455 1857
-7 -905
-935 -2788
7007 2937
5653 3827
3760 -9276
-9379 3194
2600 -4878
5815 5719
6754 -9696
4513 -3978
-2892 -9904
-4470 -1523
5296 -5121
-2267 9740
604 -1256
-6737 7742
-4602 -1712
-802 -462
9874 -2727
-4532 -910
-6135 7078
6922 -2253
-3662 -1893
-5202 2660
-3738 2016
4103 -6234
4055 -3882
6804 9057
3280 -6420
-4513 -1894
4688 5497
6725 8742
222 -8800
8101 8014
6634 -1043
2306 -5790
9113 5377
-9055 3376
-4376 -6848
9715 7924
-993 6280
2747 -4416
4914 2521
6320 -6634
3976 -1127
5726 -3821
2328 -6839
341 -4430
-4238 -2785
-8685 223
-3000 -5172
-7769 1323
-3965 -9479
-8646 -8380
3910 -3303
589 -7210
-4736 -8403
-1464 -3385
-4364 -735
7629 31
1824 4457
8115 2425
-303 4319
5450 7482
-1406 -4939
1365 5291
-7009 -1322
-119 -1075
352 -5580
-6525 2382
9803 -4347
-6979 4165
8227 -4124
-4093 2212
-3732 -1419
1615 -7381
4979 7454
-6671 -2080
556 -7565
1173 -4404
-2483 9504
9972 7085
-5389 8347
-6896 -9290
8291 -6664
-2315 -9271
3306 4850
-5541 -2012
-8304 518
2628 3860
6946 1075
1127 -9352
1580 -5612
3642 8877
-7648 -7780
-3823 121
-7951 -100
3966 -8858
-127 8157
1504 6001
-1326 -548
-5645 2842
1667 854
1845 -6987
470 2775
1022 -2758
3442 -5149
4857 -8927
2289 -4296
8002 -958
-2129 -3779
2738 -5765
-1259 915
8988 9402
-1802 7517
-443 -526
-7855 9483
6119 -366
-1628 -7183
2487 6873
-8167 -1229
9386 7310
-2309 321
1755 113
3167 -5340
2904 5890
9046 1774
4599 445
6008 -6440
-8627 -2984
-4956 46
5324 7415
5128 2191
-8647 7125
-2423 -3543
7608 -6690
-8486 -5317
-1738 1990
6016 3713
-652 336
-1492 8546
2942 -6538
3589 -4827
-981 8091
2125 2536
-5013 -7415
-4371 6266
-9748 7249
9157 2059
-4164 3489
-2124 -7159
2461 7760
-8251 9154
842 -2189
4738 -7530
8040 9947
5605 -9625
6657 -8345
7290 -3797
638 9733
-5390 -7863
-5159 -6567
6357 -315
7731 -6166
-9757 -8289
