3691
-6601 -6017
1829 -7456
8409 -7685
-2618 -3391
-2236 4540
-6107 5024
7996 1373
7545 7510
9158 7514
5460 -5085
5486 -3335
-2360 2321
-3243 5685
6127 -6114
7681 3288
-5402 8753
-9243 -633
-6879 -4751
-5143 8596
6883 -2515
5209 -345
-9249 -9378
1076 -291
-6176 -7375
-9335 9307
-8481 8624
9293 -1787
-7661 7513
4930 -1809
-167 4579
-7157 3380
1396 9416
9537 325
1737 -5917
1994 -1237
-956 8922
-4192 3374
-1766 -8765
-9847 -9179
-6393 6946
-3861 5139
-3792 -9466
2106 -2093
-7020 -604
352 -9658
1785 9166
5422 9501
-9182 4320
2057 7244
-4800 -5851
-1117 2152
3183 -1845
-5397 4109
-6091 -8998
-7320 7759
-8936 -2291
2605 2278
-7438 8531
9156 -7859
1742 -8168
86 6015
-101 -2627
-7446 7317
8958 -7634
9820 3516
-3853 -8602
3608 8325
-1301 -3205
4670 -8965
-5718 -7134
-2340 2406
5637 -7542
8455 5760
8854 -8794
9673 -8073
9490 -6278
7103 2550
7454 2312
1233 9004
7324 -7486
-2740 -8314
7992 -433
4852 -6438
8507 -6012
1216 -439
-2747 1514
592 7768
9531 2333
2138 3007
1980 -5371
-1581 -8956
-8934 -7161
4133 -163
-8012 -5657
-7687 -9810
-4015 5004
4102 -2768
-3374 2518
-4478 -7715
8102 -3692
-8676 6185
-5625 -7973
-5623 6550
6991 -3387
3761 3912
-9735 3680
-9785 5145
-2351 8152
-638 7080
-2041 7052
9030 -4559
1846 -1592
6398 9024
7253 -2276
1650 2157
-1295 6670
9994 4137
900 4504
-318 -4979
6901 -6595
-984 1934
-3728 -9950
-7638 2029
-8668 6898
4120 -9552
3439 -1637
-76 7616
5501 -893
-1660 -4523
-5624 2026
-6534 2063
9820 -6100
7102 2737
2158 -5597
-9286 572
894 -644
-7297 2428
7894 4832
2609 3182
-2949 -7859
2939 6078
7132 -3552
3692 9399
-4068 -8219
-3191 3310
-1146 9523
-173 -8728
-6888 -5183
5712 -6741
2970 -7212
-3246 2716
6626 -6502
-1364 798
-8463 -3389
5489 9065
5660 -735
7532 7592
-8948 9081
-8851 -4986
7511 -754
-5973 -5357
-1370 9326
85 -7950
-566 -2565
-4731 -5273
-7118 4026
3007 -2643
8102 9116
-4315 653
-2090 9166
-6123 7266
6967 3810
8673 -5148
-9298 2825
7897 8197
2004 -2751
-5565 37
5304 4380
3614 -6047
4291 -9704
9273 -6282
-6735 -8153
-42 -9129
2983 1023
-8450 -3252
-3358 769
2871 8512
-5200 -3162
2370 -7760
5154 -7267
-9556 -1869
6946 5301
9532 8460
-7380 8392
7522 2222
3860 2747
7922 6207
585 -9496
-9793 4877
-9139 -8102
4833 -9617
-2926 -2646
7472 -4789
5205 -7434
6449 -9698
-8617 3153
-271 -9491
4677 -6638
-2094 -5330
1789 -2876
7985 -6121
-1610 5679
-7155 1677
-8854 -4618
-5110 7313
4160 6747
5810 8345
-9024 -1879
8855 9214
-2108 1857
2443 6406
-6234 8143
-8604 3240
1313 -7565
2842 -4324
1906 -7816
-4265 -4764
-3478 -5860
8684 2457
9970 -5442
4417 5111
829 3947
-1988 6894
-596 2027
6620 -4959
4411 -8613
1227 999
4324 6833
9518 898
511 6667
-6062 3968
-4285 7059
-6140 7500
8889 9694
-6904 8077
-2083 -5345
3631 3521
-8503 2067
4909 -4448
6771 -4495
9823 1488
4329 -3896
-8264 6087
-755 3715
-8313 4381
-1014 2762
2226 55
-2980 2692
144 6506
-8189 -5495
-1858 8420
1205 -3438
3015 -1888
6813 9107
-2399 -822
598 -6851
-3853 6907
-4201 1433
-1567 4731
8940 1523
-1935 -9505
5171 -7857
8159 -8914
-5205 5739
-899 3974
-9893 5495
5148 716
-6885 -4687
4043 9353
-9079 356
2031 -991
48 4009
8841 -7965
9519 -9798
9141 -5998
4743 1532
-855 5223
9513 1890
-6444 -3381
-9611 425
5587 3146
-2927 -7824
-1564 7133
-125 7563
1526 -4161
6206 7141
8845 6562
7222 -2626
5920 -2383
8677 -9642
2848 -3825
2198 4895
-619 2736
-7225 -836
2918 -7592
6601 1267
6955 1081
8252 1690
6192 -4843
9165 -8714
-3136 1550
7786 -6375
-4550 1527
-581 -6944
-9801 8835
8238 1568
-3025 1881
-3061 -370
-7 8228
9167 1829
-9933 3611
2741 2383
3505 5986
-609 -2008
3167 -5912
5423 5056
9217 -7383
-7941 -9576
-458 -5307
-3203 4095
3709 -8323
-8303 -4427
-2919 6857
-8469 -277
-5670 -8394
-5632 3045
310 -6458
8101 8027
179 7934
679 -2280
-1722 -5500
3959 2582
-6205 2673
-3949 7068
-9255 6805
7854 4531
-6603 -6973
-1196 -8032
-544 -4144
6860 -5044
6305 -2353
3227 -9752
-9320 1004
8095 7016
-5007 -4642
-2983 -3504
-2910 -9385
-1936 -5950
1677 -5191
-6461 7211
-6228 3037
9157 -8051
-9431 -8681
6491 -3984
-6727 -3428
-7399 7
6447 321
-48 4671
9178 -6940
4181 -1731
1010 -1854
6412 6869
-5055 9641
-9048 7436
4439 3826
-4285 -1926
7617 -4177
-2596 -4977
-5505 -4046
7115 3780
841 4834
4013 2054
-2174 9207
-8654 1326
8857 1561
2094 -6694
2317 6217
6724 -3841
579 -8678
3965 -6358
-2445 4268
-1224 3600
1903 -4918
-6852 -3211
-1721 -6918
5428 8062
2357 2603
-986 -5979
-7423 -9188
-7006 -3959
2236 -6486
-7104 -4439
271 6238
-2208 3342
5071 6717
-1577 932
-6964 7484
-6765 5848
373 6733
-3283 -7032
6480 2216
3947 -6529
-5413 694
-2278 -8081
7337 -2187
-748 4829
2617 7085
5922 8892
-8712 7987
-4304 -5358
6500 256
-5960 8524
-2063 -4070
-5634 7501
-8285 -3678
-5196 2491
-5777 272
-6982 -1035
-4737 -8194
-2034 7120
-861 -4181
-4013 -672
1221 4435
-5809 -1188
-1734 -6518
747 7187
1467 -3840
7884 -4621
-9445 8002
3042 -1201
2706 9805
-4239 6681
-4397 8242
-1686 2247
-1295 6985
8012 578
-1932 6626
7180 -3232
-2986 -3599
-1248 1122
-8022 6194
6318 5591
1702 -8450
2472 -2870
-1672 -7061
9773 -4632
6696 -800
940 5423
-3511 1315
-4166 -3293
6815 -2958
-2145 -6872
4784 7999
5318 -4952
7843 -7382
7418 -6822
7553 7604
7582 730
3401 -9704
6013 9885
2230 3419
-6929 861
8511 4225
-6914 -2226
-5022 -3031
-9896 -1918
9943 -7256
-1423 3309
8470 -5375
9784 6570
-1084 -640
186 1535
-5799 -2407
-5560 4212
-2842 -3503
8948 -2149
-4280 -1157
-4508 7794
4927 7870
7280 4806
-1419 -774
3002 -9661
-2989 6274
3111 1125
-6737 -1785
6975 -1015
6794 -9055
-9372 -8484
2956 -4991
-8292 -4083
8597 7278
-8838 -6858
3911 -2281
6538 9624
-6648 -3473
-3495 -4586
1832 7870
-383 -4672
-4554 -2717
9422 -4874
5744 5937
-4325 9509
-3472 -7628
2699 -1651
-8775 -5172
-5154 -3321
-2733 5961
9797 -4427
-2926 1569
-8747 4011
2338 -7280
-7949 9915
6518 4876
-7036 -9137
4667 5507
-174 4003
3440 4560
3077 -6806
8818 5955
-1766 -8020
2572 -4760
1456 2324
-6538 3084
-556 -4178
5808 7000
7263 1701
1336 -9021
3265 63
2154 2637
-4905 2714
-706 6444
1151 987
-9699 1442
170 5387
8908 7096
6407 4726
1430 8558
765 -7688
4897 -3701
1053 1982
-8733 -8619
-8380 8879
1672 4588
7336 -685
7420 5557
2339 5141
-4793 -5251
2615 -6228
346 -246
-5162 -9868
-9192 -8044
-6687 6414
3661 -3276
-3383 -9407
-2929 -783
928 7019
903 4009
3309 -2995
4206 -1422
-6186 6939
3030 8045
-4812 -4849
-7481 1499
-3995 -8446
3090 2044
-3137 2170
1783 9634
-2976 964
-7799 -6003
2976 -7078
198 -7310
-1920 7424
5032 -1785
6136 -9334
6219 187
3707 -1932
8837 -5523
8830 -9139
-4609 -6360
8202 -8343
1574 -3106
8981 3288
9383 -4238
2028 -5024
-1107 2734
-9275 -2858
365 6867
-5339 5008
-7514 -366
9954 -5852
-9034 -9064
-7179 9465
5841 7442
-3833 -1739
1185 8392
6852 -9746
3280 -2116
2682 3198
-5925 -5957
640 -8247
-7460 -2552
-8219 4217
8647 -6872
2064 3450
4047 -513
6933 9785
-8095 -4787
6638 9841
1079 -1433
2716 2866
-4170 6833
-9182 -5787
-4704 -4387
-8264 137
8910 326
-7439 -2685
8968 -702
-6051 -365
-5788 -3576
-2635 7042
-608 -2563
-3843 -1805
102 4022
1608 -7445
9544 -9236
3821 -5348
-5907 -4954
8358 2726
-3475 -6846
9153 -9259
5974 -1544
-2887 5900
2049 -8857
7999 -5462
-9990 -3245
9061 -738
2802 -8558
-6103 3517
-1799 6233
473 8410
-5964 4505
-9508 -5467
2820 9952
-7798 8048
1086 2811
4348 1306
3386 -9855
2222 4131
1448 2876
6059 1185
-6784 3068
-7023 -427
-5700 -3107
-6047 -1400
-8545 -1694
-6598 5190
-582 3818
-3969 -8295
7795 -6646
1811 -4601
-9067 374
9430 5644
4123 -7897
-989 -2899
8266 6982
-1277 -2700
-2390 1441
-8214 6505
1491 9637
3277 -2901
8613 -2888
-3681 -8483
-5963 -3096
-4792 -4947
974 4007
6052 3201
1010 9574
2288 4757
4531 -107
-9428 97
-6986 9872
-5316 7522
9277 -5949
-9946 -8474
-4563 2646
-3219 -1087
-6864 -7138
-1115 8320
537 2585
-162 -1527
-6176 7574
-2940 -3001
5448 5190
3555 -5298
138 7266
-5405 -1045
-8040 7563
103 6486
4762 -1853
-6484 -2936
277 -1680
-5138 7049
3543 -5675
5877 -9560
71 6265
-7494 -3396
7842 -8407
-9537 -4763
8805 7719
-2386 -298
7366 -1107
-8430 -5162
6408 2459
-1683 1945
-2781 5449
3260 9799
-5212 7655
526 5346
3895 4593
9587 7516
4752 5102
5938 2764
-4570 -2222
-3898 8584
9288 -4158
7909 -4836
-6118 -8547
-4564 -8522
-1942 4929
-8671 -3352
-8202 9282
-102 7833
7848 -202
12 -1603
-3520 -4973
2471 6517
4256 6776
-6569 3779
-2008 -7677
9254 -984
8213 -3061
1796 8894
-7284 6494
-2070 -8815
2575 5513
-8215 6636
-1950 4500
-8686 3699
-7200 -9328
-6713 8862
-9230 1302
7364 4863
-4119 2486
-1294 -7569
-28 1801
-3694 6105
5677 -7714
6081 6181
4710 -562
-2377 8061
7481 4468
6024 -5870
-2507 -4127
-562 5714
5651 26
-5842 3691
5354 5264
-5574 8644
2967 -8073
2921 -1505
-7000 -5492
8007 -2964
-55 -8201
-6691 -6476
171 -3044
8764 6930
7143 -66
2122 -612
-792 -1747
-586 -7129
3134 -8130
-543 9607
8817 -5057
-2526 -9215
444 1208
1434 7271
-5058 7177
-5191 -3349
-1954 -1219
9508 -1368
-6788 -3285
-1953 8532
6254 -5228
-761 -9975
-9224 -3005
7956 -8567
-1213 -9412
-9063 6219
-2708 6550
-2973 -4349
617 5947
-4348 7923
3585 3326
2720 -8945
-1828 -4449
-1869 7323
-1066 -1082
-5779 -5064
7553 4172
-3708 -3830
7796 -1340
-3579 -5738
4963 -1234
-2471 2689
-942 -2125
-2979 -8627
-1680 -9053
-7483 8040
498 6304
4889 5577
3151 7205
-7075 -2883
5321 4018
9451 8335
9084 3357
9164 -6497
-3988 -4497
-5560 2246
3329 4142
-905 -4247
3912 1914
-6929 -569
5615 3834
-914 3007
2095 -908
-7108 -5431
-1265 -1570
-9312 5587
9806 -709
-5695 5404
-3506 8361
-8412 -2322
-9359 1637
9793 -2090
8089 -2052
-9408 7608
5208 -2682
5732 -315
-5806 941
7913 -7809
-5937 -446
4495 6753
2652 5390
-768 2860
56 9352
-7320 2228
1437 -2004
5144 2538
-6118 -1489
1158 9003
8215 -2246
7794 -6385
-5048 6943
1800 -6078
6785 5847
-8301 -1856
-4016 -6353
1443 -850
5319 -8329
1126 2631
5138 -3846
6741 738
-1456 -8592
3294 6909
-4993 8165
-8481 -2173
590 -2745
-8210 -7486
-5929 1381
9847 8888
-5424 -1144
-8907 -9997
5007 4089
8407 -584
-1966 525
9470 2509
-1566 9756
6021 -9889
2538 -7161
-6575 4626
-6129 -1296
-5908 -5736
3769 3406
-3567 2183
-966 -1134
83 -7612
1356 -2220
2800 -3894
3062 9276
3555 -5664
-6119 -9405
-7132 -9098
8299 -5053
683 -4811
5368 1364
2365 3707
-6060 -191
4873 -1016
-5214 2543
521 -8742
-9392 7812
-3657 7405
-3374 9450
-8885 376
9827 -262
-5821 -9503
1435 9059
7952 2800
-1625 -7812
-6222 -2277
-4707 7253
5655 -8413
-3068 -2596
7417 7992
7643 1245
-288 2766
-8683 -4161
-4033 -4632
-1623 7646
-4097 -2108
4767 9192
8465 8556
8191 6795
1176 7310
4354 1058
9060 -7206
2915 4850
6686 1801
460 3286
-2899 -8653
-7151 8503
-6056 -835
6245 1973
2142 -8929
-6409 -566
-7945 926
7615 5644
2955 -701
-994 3272
-7936 -5032
-4855 2630
6448 7421
7497 2591
1439 812
7824 891
9382 -8272
-3539 -5708
2415 -7208
7488 -7875
-1178 669
-1543 -8290
9967 3506
-2380 9291
1883 -7440
6557 345
6311 4441
3450 1119
8793 -223
3515 4054
8899 -7725
6086 2720
-1007 -588
-7671 9789
8525 4129
-4821 5430
-3360 -9885
-1771 2440
-159 -1713
8145 -757
-5289 -1973
5600 6898
3199 9151
6304 -7732
4488 -2854
-7377 799
2200 -2461
6502 -3299
-4423 4448
-9811 -8364
-5963 840
-1747 -4407
-2713 -4529
6724 1266
9935 -6950
6084 9793
-8397 -3736
-4559 -4125
-6110 -2008
-5500 1581
1792 -8236
-1963 1213
8355 5372
-152 -4549
-9922 5047
-2323 721
3752 -5822
7565 5516
9825 -2557
-2101 5050
995 1904
-5856 5977
-5141 1437
2389 7668
-1529 -5116
5912 8479
5497 -6405
-6303 -6918
8616 -1807
3860 -8854
2719 6714
2483 -1063
1107 1845
-3453 1363
5389 9808
-9489 -1610
-6005 3524
-7449 8139
9227 -8268
1152 -5350
3761 7877
5214 -5355
3112 6441
-2363 -7884
2303 -8143
929 38
-5988 993
8577 -875
-8503 1474
-7175 8399
6494 4992
3902 5027
481 1631
1238 9231
-8424 -9592
-4171 2162
-4759 8258
-7020 7961
-3283 3247
-943 1834
-4642 6857
3571 -5515
2295 -3221
-9438 4337
-9036 488
-34 5964
1065 4589
-5670 -5192
-7646 7772
2149 -1828
8858 -9607
-7058 3034
2695 -3867
-8115 -2406
2650 -2979
2408 -1520
-8459 -1073
4861 -9253
-3717 525
-1977 -4683
6683 -2818
2117 -9887
-2904 -9308
7194 -2242
1700 4047
6968 804
-7122 -8543
7488 675
5558 2928
4845 5262
-1323 -9994
-9740 -6175
-5641 1865
3734 5393
-8896 1608
-8230 7610
2020 -588
3462 -506
-3199 -6065
2889 -1565
5268 792
-2330 965
-4581 4608
5313 533
-8642 -5419
9737 -7440
9545 7410
481 -9823
2781 6412
-1528 5741
-4435 -7445
3692 4356
-7320 9190
-4844 7471
7263 -4508
-2868 5799
-8801 -5947
9652 -4373
7640 -5031
-4645 9682
-7472 1381
2195 -217
-4114 -4023
8653 66
-1820 5749
-6838 -8378
4467 -1656
667 -1795
-115 6337
-2579 3786
2076 7346
-8059 1395
3239 7441
-7746 -6851
5074 1719
-1142 4873
-6547 3791
-353 -3519
-4814 4046
-7267 -4147
8437 -411
5473 9613
883 -3961
6935 -1538
9850 -8510
1158 8958
-168 -8967
-3072 2131
3747 -2778
-2538 -1807
9372 4818
-9292 6353
261 365
7402 -7507
7794 7704
8935 -1354
-7090 -6649
-1964 -9235
7983 1999
6440 7010
1753 -6578
-2020 -7231
3138 -5329
-2094 -6835
94 5025
-2581 -4224
-3360 2524
-6525 2039
-2890 4301
-660 -9669
3642 1221
6140 6685
-9749 6593
-4476 97
9379 -257
9102 7211
-9902 5278
3480 -9882
6514 2222
690 -7032
-7480 2962
9947 5994
-9605 -9902
-6545 8333
7145 1274
2603 -137
-7800 2071
-4427 -8244
-3911 -5115
-3410 -2693
7743 -6120
3710 6334
-4953 -4990
7985 7598
4239 -809
1828 -1532
9427 -3017
-492 6230
9151 -7542
-6747 -9793
-6540 -6837
2650 -7774
4115 -2317
-597 9995
5645 -9112
3466 6796
4908 -7509
5709 9224
339 9897
2382 -9855
5450 -2087
-6660 8297
-3970 7982
5402 -2991
2554 -1372
2865 6009
-3988 8332
9801 1125
-6630 -2926
5696 -7598
-9501 9626
2835 512
-6117 -4224
-6439 -4592
-4637 3641
5117 -3735
697 -8562
7700 5026
6282 -3014
363 3764
4995 -5460
705 -2249
9495 7512
5288 5505
8609 8383
-701 3768
-3986 9270
-4174 997
-2325 1523
-379 -1917
-600 -9756
-6625 -8384
8511 6088
-8529 -7291
8049 5938
-6658 -5166
8128 690
4436 3588
5198 -7605
8413 -4816
-681 8390
2183 -2738
-1695 7747
2123 -1421
-6994 9786
4382 -1104
8201 -3106
-693 -111
8351 4176
241 683
-299 6110
6990 1763
2260 -3129
3629 5072
-5190 -862
9997 7280
-5233 -6820
1178 7055
5337 4236
6014 7635
-6285 -3281
8202 4756
-4548 -5359
-9169 -4595
-8973 5525
9180 1889
-1315 5447
5498 -6268
-2991 6786
-7211 -3253
-3686 -7761
-4764 -6814
2610 9607
4226 4171
-8713 9840
-9850 8804
-862 6255
-7634 1863
-137 4660
6013 -4607
6955 -9091
5329 2876
8427 7451
9579 8005
9344 -6739
1351 7132
-6313 -7167
-7718 5397
2302 7133
1870 -1725
-358 8456
-7193 -4117
-915 -498
-187 -2065
2096 4004
5665 -1110
7393 -7513
-5451 -366
2356 -1070
-7512 -1637
7158 -9210
5119 -5238
-3675 6440
-1940 -8849
-4135 3456
-9739 3393
-6965 -5809
8688 136
4516 3852
5440 4534
-8862 95
-1820 -6621
-7694 6859
-2117 4308
364 8980
-7575 865
6536 7374
8628 -3287
5755 4385
164 1969
699 1211
-3693 7241
8091 -8490
3875 -7333
6055 2515
2497 -9539
-7673 7009
-3235 2244
1753 -7768
9370 -9048
-1325 -8238
7105 9169
-9588 -1405
-8491 556
7884 -7876
2110 2728
368 -6039
6919 -7813
-9499 6562
-2423 -3020
-6951 -4285
-5539 842
-2765 7822
-792 2003
2432 -6162
-132 6433
27 -691
3683 -5540
8360 -6802
-9964 -1213
23 8032
-4458 -2725
9067 -6277
-409 -9962
-7301 -2439
4713 -9868
2036 -319
-991 9086
9176 -5254
-1113 4965
9172 8020
7475 2950
-6935 -6024
2466 8160
2178 -9143
6686 -6231
1447 9283
6710 7429
4773 1343
-9157 8932
-9104 -5015
-1428 -8079
-2214 -1261
-8671 -3149
4390 8460
6640 -52
4541 188
-4478 5199
4409 8766
1576 9757
-3803 -6730
-3667 3936
-3800 -6759
9269 -4244
6081 6837
2185 1674
-1017 1169
-498 2144
1710 3439
3793 7451
9186 3153
8789 8471
8728 -442
-5984 8215
-7240 4363
-5976 -2842
-8414 4934
-6903 -3123
-4573 -1932
7116 8330
324 3024
-749 -6526
-8335 7626
9635 7280
5221 3887
9900 -501
8178 7176
-8694 8371
102 6098
5719 -7381
-2475 9826
9973 -6060
2360 1434
-6583 5196
-62 -2746
-1797 2244
-9224 9254
7277 4369
-1191 -7538
-7867 -3367
9474 -1058
-8160 6024
2901 -7608
9755 4931
-1377 -7409
8413 -8376
-674 -4812
606 -5057
6895 -5816
8839 2404
1698 -8419
-9272 -9965
3039 395
8192 -3839
6087 -4635
7450 -9581
6916 -5413
-3536 8820
6385 -5966
6810 -9438
-430 5674
-4480 -8612
-6742 9721
-8490 2520
-2863 6152
-1136 -1618
-4004 -7994
1131 982
-8419 9343
-2696 -4131
7276 5242
-8558 478
-4401 -8463
-4854 -4403
-3183 -6756
1820 6176
-1811 -5783
2855 1400
-6946 5178
7182 9419
5950 -3383
-8073 6366
5227 -8584
1072 -765
1742 -4700
1850 5898
-8830 -6008
-2964 -3435
5296 -1145
2171 -7204
-2490 6590
-8191 -4250
1329 5252
-2877 -4780
656 -8936
-7645 -4266
-1505 8686
-7153 2339
1044 -6118
298 8510
7465 -8864
-4973 -2536
382 2314
-5599 6953
-7972 -3108
-6903 835
2646 5021
8272 -3329
-7651 4698
-1031 2002
2934 2035
-5089 -8716
7605 6995
-393 7043
-4486 -5631
-4363 6143
-7851 1802
-5348 -1273
-38 9015
-2095 -5562
2942 -8584
1483 9956
3329 -3018
8778 4101
6077 -6159
8761 -6057
7276 -6490
-7478 -6700
-9593 4454
9851 1898
-5667 -2030
-5410 1393
-4809 -5804
7943 1542
2209 8815
-8505 -8111
-7679 7063
7723 3881
152 3787
-239 -5778
6124 -8066
7432 -7007
3389 6817
-4481 -4593
-2305 6357
2977 -1197
1739 8822
2317 -7362
-1440 -4955
-7358 -5543
8287 2755
-4629 -9776
5122 9415
4708 -9701
-6370 2191
-2985 -3659
2001 2604
-6409 2879
-2590 8315
-3540 -8928
2205 -7030
-4746 3936
136 -432
9462 8342
-1829 5061
-9680 5025
6743 8297
-4795 -810
-8274 9113
-5796 1402
7373 -3804
9808 8412
8508 4900
4537 6437
-9931 -9604
-5570 -7431
8976 6832
-9488 8223
-991 7563
3256 -7019
-2565 -2217
5960 -8175
5928 -8435
-6067 -942
639 9473
-1852 1751
-5151 3194
5902 -6595
-2598 3912
-8566 -5695
-7977 6538
7388 -1829
4306 -9414
-3479 -7665
8450 -5533
5860 6457
-6793 -9272
-5108 -5591
23 2279
1707 1250
6969 1777
-984 1342
4924 1636
-6884 1634
-8021 -5590
2300 -5437
-3977 147
2671 -5618
-4952 -1691
-5787 7262
-6645 1136
6777 4582
6419 4088
3425 -1044
-4215 4113
-2145 -1175
565 -1593
9168 -2981
4982 -7110
-9474 -9866
-9014 375
9896 4924
1257 7499
-9663 8860
-8016 -5504
-6680 9046
-3850 -3553
5563 7514
-7421 2176
-4664 -9571
-7906 7202
5157 -582
3968 -2889
-4024 5084
155 -5284
-8821 3311
875 7844
-6128 -4719
-7708 -5358
-6160 -2021
1983 -9808
-9318 2224
6151 -4421
1825 -8759
-1211 -4695
-1441 -8475
5398 -4062
5214 -8177
-892 5631
700 -5025
-3486 2772
8271 2086
-2639 -7735
4840 2343
-4295 -2126
-7252 -9485
-1999 -8035
-9682 -8309
-7083 -4981
5112 -3676
-2071 4140
-9119 354
-7818 -9031
-8873 3000
818 -5522
-1941 -8014
4267 7978
-8947 6259
-4838 -7643
8120 4704
2613 -7410
-8250 600
7995 -9623
-5417 -8171
-3051 -8404
-8884 3624
-5877 8810
1178 -353
2201 594
-5537 6200
-9217 3567
-4828 -7405
-5807 8217
389 4636
-9915 676
4938 -7042
2525 9779
-3633 6682
-6856 -9067
4629 5002
7180 -723
9993 -8648
219 4415
1119 -5019
-8189 5585
4727 -3681
-746 -4987
7230 2806
3516 4277
-5920 -3024
7981 -5248
-9646 -2170
2778 -3546
-7489 -3722
6259 -9053
-3163 -6118
-6654 6221
6012 -5895
4637 2120
-5652 -4376
-7684 -6521
-5362 -5950
-1954 -2496
-7859 6195
-3745 -4069
5634 -9288
-8863 -7555
-4006 6303
5777 8148
7672 -4723
9001 -5673
4781 6949
-2836 -8920
1936 -9013
-4707 -5594
304 -9921
4180 1181
-4811 9513
5560 7156
-7387 -5924
1043 9488
-5707 -4541
1739 9133
-6778 4441
9368 -5651
-4334 -391
-1446 4065
4700 9220
-3333 -8099
1351 -9085
932 981
-4786 -1777
-8931 5356
-1708 -5482
9090 -8777
-1049 6759
5539 605
-6056 8299
-4787 7351
-7072 621
9059 2662
1023 -182
-6372 -4721
5743 -2534
3564 -1110
-1871 3124
-9274 -784
-2885 -5472
-669 -7251
3517 -7482
-4916 8554
1750 4516
-5130 -8231
6442 894
-608 -8756
6723 7526
4594 -8471
-7713 9325
-2123 -5656
-1025 4640
-3790 7740
145 -1614
-1683 -6487
5240 -7426
2502 -8582
7054 2084
-9748 6185
-2901 8022
-4460 5755
-5724 -616
-5224 805
513 1656
5614 3699
7910 -2851
970 3681
6431 7283
8424 -6542
-1777 -5185
2789 8893
3457 2586
-3281 3625
6974 4086
8066 2496
3251 1641
-9363 -8539
9800 -5122
-9758 5971
-1698 4275
273 5209
-2665 5277
7868 -4920
583 -8510
-6927 -4419
-2617 3648
3111 8041
722 -5618
7536 9902
-6627 -4456
4738 -428
9464 -4298
-9286 -1049
-784 -2695
-6986 -5420
6743 1269
8695 2046
-2908 -1911
508 -1746
381 7585
-6674 7079
8316 5259
3336 9127
1175 -3456
-9497 -8046
3066 -7935
-4520 319
857 -3937
-7573 -8975
9770 -3702
-1084 -3401
3616 -7531
-9611 -1098
4119 -1897
9103 328
4972 8831
-8204 -4589
-4725 -4201
-5453 -9715
8791 8986
9751 6197
4583 1593
-3828 6317
-7908 1229
-5344 -323
569 -1534
-9936 5233
8058 -2398
4243 -6977
2948 6734
1873 -2921
-7724 -6589
-2073 -254
-8821 -2066
-2708 -4768
-3114 -3121
-1554 9790
-1291 -1480
-6798 9546
7182 -4108
7008 821
8669 -5861
1197 -5953
4520 -5392
-5567 5265
8413 6268
-9834 -2586
-6885 9222
-8569 -1355
3450 5051
-1604 5541
-6914 -1382
-7037 -6646
-6066 2985
-2961 -6360
-2918 6146
4292 8927
-9549 6605
-3976 8343
2503 9244
9667 -9531
3948 -428
-9874 420
240 2910
8423 5535
6280 -9189
-2250 -5469
5411 5716
639 5428
-3606 3463
-7998 -3625
4466 2891
538 9056
-9645 -3688
2558 4396
-7186 -3661
4564 69
-8327 -8802
-381 612
-9659 -8102
-3141 2755
5367 -3987
-3654 861
-5031 -2285
2081 -1413
-7303 -3373
6639 4601
3319 -172
3675 -3577
6399 -5811
9570 5122
8645 7494
-1426 -2172
-5758 -1309
-3452 512
-8478 2530
-8913 5389
-3278 -3743
-9786 4847
-6293 8869
6460 655
6942 5030
-4865 -7784
-7780 -545
6385 -9682
1715 5572
-5811 -5244
-2228 3181
4710 -315
7409 -7381
-3240 -9375
1029 2232
-6349 5676
260 7277
-502 5574
2564 -2726
-5477 7045
5958 8499
8959 9443
-7418 -47
9687 -4117
-2464 3369
9448 270
-1595 -3746
-1602 -5180
2553 7885
7845 -9146
-210 -4190
9443 -444
-471 -5802
-2291 5044
-1933 5873
-5015 -6247
-2994 -5797
-8974 -5645
8594 -4528
3091 -9897
-7368 -3267
5198 407
8811 -6524
3068 -6060
-5053 7025
-4006 -7055
711 9248
-3971 9604
6179 -1205
-8049 3368
3800 -1978
-6388 -7038
-551 -3111
-1804 3294
7319 -2862
-7044 -7095
3124 -3324
-968 4562
4873 8643
-4047 9461
7594 -3236
-6505 -1229
-9112 3697
-1870 9904
7379 9446
937 -661
-5622 -1705
977 9366
7476 2516
2602 -3382
9496 -702
3869 -1146
443 2594
-1861 6410
-9727 -9040
3711 -4571
2765 -7383
5684 -2381
-6403 8734
5469 -9155
7084 -4188
1704 5105
7916 3452
4176 2762
-9058 7932
-2389 -5330
-2025 -841
6593 2108
9227 2313
1299 8902
9901 3163
-7221 8469
1633 4138
-8549 8733
5923 377
-8183 3163
-9482 5826
-9749 -9781
-9861 8054
-2510 -131
310 7716
3328 -760
-2297 -1978
1540 -998
936 4429
3935 -1021
-7115 3085
-8716 4773
-7064 8373
4968 2409
-4557 -189
4699 2788
4153 -1116
-1240 9831
-974 -2381
-6487 7624
9326 8146
982 8432
-7944 7107
6038 4597
-5724 6615
-8224 -1653
-5753 4038
-8613 6872
3998 -6731
-9238 5857
4275 3751
1964 -2537
-4290 7030
5944 -570
-1471 2304
-949 8149
-7892 -7291
-7900 1833
32 6791
67 -4750
-2750 -306
-9941 1713
-8866 -2927
-7452 -3215
-1757 2033
18 -1122
-6237 3607
-2167 9543
-5387 2766
5154 -3397
9687 4528
8378 -4268
-1174 -7511
-9101 296
-5276 6915
-4134 8964
-3817 7639
-1282 -2384
-5900 -500
5047 -3420
-5224 9067
4585 8505
-4623 -7695
6266 -261
-3357 6606
6794 -1240
9631 -5337
-3613 -3617
-2859 -2975
2392 3440
-9808 -8864
6292 -8292
-7526 4159
1796 1904
-4976 653
8189 3062
-29 -7275
8637 9244
1226 3872
-1288 -1459
4901 -6277
6287 -6948
8966 5321
5972 -863
-8809 -9202
-2568 -6923
-4778 -872
2827 -541
-6368 -4333
8318 -8287
1776 1168
5767 -9335
-7650 -4179
-3718 418
-2017 736
2658 507
8381 -9519
-8354 9797
1819 5392
-9792 6750
-5023 895
1639 2437
-2361 -2392
1018 3528
1392 1736
-6345 7547
2777 -6945
5705 9444
-2746 3187
107 1072
9604 -7251
3710 -2887
4937 6411
3635 -3202
-8059 -6203
-7176 1834
-8320 2445
-4877 3745
-237 -1216
1956 1779
1604 -4149
9896 6416
-1893 -2898
3908 4922
7991 -4644
9645 2070
-3854 6224
3356 9393
2063 4781
4350 -5503
8129 -8060
1464 5741
5529 -6325
273 5255
-704 275
-8678 -5066
4161 -5690
1497 -8951
1056 4575
3063 5557
7139 2601
-4710 809
-3897 -8164
-8605 -6218
6157 7650
-9846 4076
-4907 8140
-3899 6957
-1225 -8910
588 -6951
-8979 7603
-8101 5333
-3385 -8533
2267 1176
9091 -1276
-6135 -6891
-8799 -7705
9252 7006
4090 -5778
-5393 5877
30 -4376
-1899 -9065
8223 2094
-8074 9936
1185 -6954
-2723 8313
7203 -2296
-4372 794
1617 -4742
219 8382
4720 5878
8670 -9778
-9069 -1373
428 -3719
-1768 4634
8896 -7866
-9400 -4372
3959 3179
-2348 3597
6319 -6489
1183 5965
-5759 -5395
-1622 1476
1681 -8591
-3913 -9127
5051 -9935
-2274 8609
252 2639
-7647 5487
800 1838
-3752 4910
8178 -38
-7656 5122
-6962 -1130
-6005 8447
2769 -9966
-9882 9321
-8551 -7688
5516 -9305
-2560 881
757 -1865
8921 -5609
9306 -5003
-903 -168
2098 1614
-2916 -58
-9464 -6353
5695 4562
-2211 -4877
4255 1939
-1387 -5537
7046 1376
-7175 930
4986 6360
268 -2580
-4260 4830
-8149 -1164
4737 -9831
-1106 798
2951 7148
5757 -1651
2887 7473
-9754 1997
8553 4030
1334 6527
8705 -8045
8638 5795
-5874 1724
-438 7225
-9405 9438
4607 -2359
-6957 -8548
-893 -8182
6547 3902
-5455 -8054
-731 -7229
-7734 -9817
5278 -3835
8624 -1897
633 -4657
3532 -4741
4892 3509
5859 -9489
-8284 1163
-8106 -9056
5516 8156
-5843 -392
-32 8505
-4445 -4595
454 2545
-6616 -6204
1884 -7589
3730 -4216
8731 -8656
8585 -3881
5697 -9734
-2684 3447
1078 -2627
9818 -463
-4827 9919
3812 -9378
1140 -4649
-9677 -2654
2611 -498
9540 -6858
4502 -9225
-5815 -4807
3404 4718
-9625 -4303
581 -9133
-553 -3145
7660 1162
7739 4889
5464 2686
-1125 -3322
-9581 1894
3568 -4411
-6080 -7392
-8406 -6241
804 -2883
5413 1621
7491 -5845
1772 -2597
5301 7960
-5792 5117
-2745 -8080
-5710 -8480
-6130 3883
31 -4222
9963 -5058
-477 -6701
-5105 -1149
-9852 -8832
310 1289
4591 5665
-8846 -8378
1303 -6680
7583 -2005
5942 1743
-81 -8325
-4513 9952
6237 465
3065 161
6151 8287
-6793 -3024
-4737 -8095
-1142 -1393
576 -8849
-7833 2276
-7851 2034
-23 1858
-9473 -2369
-8658 -9203
-2834 -8159
-6521 -5103
-6896 -2563
-197 8768
1371 1556
-1385 -3146
9232 -2279
-5083 -3451
-4743 -5047
4388 -9429
-3421 -9201
7753 3517
6004 195
-8278 9492
-1763 7703
-4854 8341
9991 -9090
-7818 6921
-3186 6664
-920 -8799
121 6273
-6561 -1899
2502 7750
-8758 -8356
9294 7117
4354 -8180
-6468 6465
2895 -2650
5026 -6709
-3109 443
-2590 667
-9374 1630
8533 -4007
7407 1488
-5998 -4222
-2019 -4799
-5777 7631
-2133 -6968
-4527 -8695
9761 1749
1889 967
-8047 -4369
2807 -2119
8502 516
5264 -306
629 194
-701 -2272
267 -5475
-1197 -947
168 -7583
-2796 -3783
-9644 3480
-2482 -5652
2683 5805
-4248 4302
-4699 1387
2692 -2339
-8275 7658
7832 -3176
-3802 4670
-3147 -976
-3217 5107
6539 2188
5511 5888
9093 -6469
3558 -1766
2794 -1655
-9086 6145
-8520 7056
-9354 -6513
5295 -1817
-5355 3683
3809 3460
-7969 -4777
-5054 947
5031 -8954
-1689 7335
-2581 3014
-6047 7051
-4998 8534
-2323 9471
-4208 6966
-5633 -2691
1805 5466
9225 626
7188 -9010
-3788 -4117
-7483 -7444
4652 4023
-1158 7392
-7872 -4021
4868 6206
3655 3149
-3607 -6160
6104 -2024
-3313 8341
5757 -9061
9431 -3832
-4365 -3099
9767 9584
-1327 2407
-6206 4236
7946 -5076
2105 2628
7279 -5720
6826 5260
-7537 -9530
-2647 -9411
-4829 8566
4142 5426
1623 6500
-4674 860
-9287 -4834
-1601 -7322
5300 -493
5154 6116
9996 -5800
5619 5470
-3449 5559
-425 -4068
-7597 -1459
6071 7751
8788 9530
1620 -3416
-6870 -4377
9894 -7650
-2420 -6045
-6717 -9092
3807 1983
5758 -5424
4331 -8295
5753 -1524
-2667 -8550
3220 -8182
8273 8651
1753 910
-1530 6711
7350 -3183
-4688 9843
1901 -6994
7004 -1563
-9756 -2192
-7640 -8652
-7133 -8817
-2991 1824
-7531 -7215
-9349 46
-2790 1622
-4091 -2442
-3868 5794
-447 -1466
4112 3853
6499 -755
-9993 -3566
4248 -6482
9806 4233
-1069 -7033
963 -7276
3181 -2080
-2381 8764
-1304 -8150
1181 -6486
6078 118
8891 9155
-9354 -8392
1796 8408
8985 -9499
8849 -6391
-2444 5849
6289 2318
-6969 8137
-35 -12
2517 958
3587 -6936
-3371 -8895
-5371 805
1310 -6352
-2119 -7012
-1797 -4701
2490 7097
-9107 -7828
1126 -4036
-8142 4110
-8036 9531
-1210 -5039
1155 678
-4380 9199
9829 -8030
-2400 -3439
4655 1498
8534 932
6872 -2885
-2310 -9452
-2015 -5933
-9159 576
306 -3218
2070 -4914
9321 7584
4026 -2512
8104 6336
-3564 9014
-10000 -4330
1484 -7527
6576 3949
5918 9536
-1985 9274
-8547 784
9549 6682
8852 -7526
-1405 6025
-9267 -8567
2193 432
-5382 322
-8361 7310
-7739 2228
-9569 7835
-8166 -4342
1518 -1190
-5256 -2366
4832 -370
-7131 -3215
7303 3842
18 -68
9958 -6352
1551 -5682
2685 1983
-4500 -9790
4431 -8749
-979 2212
-608 9593
435 -4928
7299 -8302
3349 -8704
-9389 4802
3242 -6672
-1552 1376
-9413 9886
5358 -1036
1160 -1890
335 -468
7011 4831
-5957 7071
8278 1790
3203 -4365
533 -2035
267 823
3949 -3200
-5440 -1099
1179 9066
-7475 -9506
3075 464
-6449 -1768
6378 6035
4028 2333
8596 5041
-431 378
225 -9941
4617 -8237
4229 -2585
-6099 -4094
3921 -5737
-1795 2266
6826 -5439
-4328 -2425
2246 8155
-4340 2609
-7068 7013
-8763 5591
-1122 -7106
5988 -5193
-9621 1434
1214 2949
5620 -4315
-9277 7775
9650 -7251
-9888 6646
-2769 -2010
9556 587
360 8844
7659 8744
-8993 -4834
38 8299
9228 -2342
2577 -5837
-6476 405
5115 -3385
6205 6389
5946 1370
-8778 7899
-8528 -5861
-4164 -8674
-8538 5130
-4514 -6106
1368 -7671
-9516 -919
-7615 -3072
-1258 2424
-6107 9291
-9529 7371
4401 2207
-3754 3364
-1778 -5229
5562 -4780
1685 9447
-1928 2232
4313 5677
2338 817
1127 500
-6640 -5895
8124 -8914
5177 -4560
4091 -8986
5857 -7253
-3114 9135
5567 -953
-7551 -6012
9064 2872
2800 -7072
-4281 7486
-3392 -6052
-4060 5173
2441 8231
5271 2648
6792 -1410
9864 8581
3994 -6863
2977 1680
1537 -8200
-792 4
-9261 -5331
-8448 2379
-7418 9049
-5194 -8115
-5934 5019
-1416 2862
7908 3793
7366 2335
-173 7301
5412 -8555
1951 8365
-6415 1653
-4135 -9648
7690 7093
-7522 -1131
-664 -6346
7236 6069
-1134 -7527
2803 -280
-3870 1498
7625 77
-1221 -8020
9447 8531
2924 -8834
-8340 -8056
7407 -1297
5565 -5214
7829 1201
3499 -5019
-5786 -2939
1920 -6324
8450 3480
4224 -58
3388 6899
-2325 -8430
6723 -8915
-3688 -5672
-5727 -818
-8498 -2149
-6946 2195
4414 6474
2731 7848
-2112 -8066
-1188 9562
5931 -1786
-916 3436
4872 2434
-1558 7838
-2759 -9555
7889 7910
-500 3498
-413 7812
-3293 -5446
6213 6338
6272 -925
6127 8375
-2218 -1453
8755 -479
-3126 2256
4378 5167
836 2049
818 1864
3919 -7210
-8832 -2516
-701 8901
-4776 -3015
6431 -1765
-2400 -6887
8320 4350
-1258 -2753
-9273 -4706
5811 -4898
-8532 1976
1213 -9783
5476 -9194
9903 4274
-5007 3294
-5940 5732
-7435 -2872
-6269 -287
9422 -8990
-3276 259
6860 -8078
4342 -5441
7367 -7388
-4307 -6762
9042 476
-8626 1732
-5754 -8780
9533 -3398
-2436 2016
-5560 -2167
-6053 7667
-357 5002
-5943 -676
-8951 6687
3552 -9076
-4038 8866
3970 8668
-9677 6791
8264 -9555
2569 8586
-2874 -1477
-2808 -9394
-958 -2954
561 4903
5041 -5887
-9853 -8955
-9266 -8829
6314 -4238
-406 6512
-286 -8346
-2411 -5918
-8926 -2605
-8516 8506
-7452 -1978
-8108 -6324
5346 -4357
9441 -5869
-6753 2850
5860 -7032
-6350 -1469
-1101 7614
-2975 -8965
9809 8698
5792 -9755
-8774 -5155
-6041 -7708
-5902 9996
-8710 5536
7665 -525
-8146 510
-7613 -3805
-6898 -6997
3017 -5607
2461 -888
1754 2317
645 -1702
-1981 -6500
372 -6890
5026 -7907
-728 7338
6957 -500
3375 2071
-9810 4501
5567 -1120
7783 -8387
4040 -3731
-4946 4628
-3811 -6894
592 2550
-975 4142
-2449 -7797
6320 9663
-1148 -6111
-7715 -2556
3074 9136
1419 -7102
1666 812
9207 -6241
7517 6037
477 -6807
-1336 -1232
-2112 5167
8319 3823
-7625 -9559
-6674 1628
-3983 -9840
6017 6296
-1981 9480
-6255 9758
-1878 5978
9174 3515
-2295 8579
-2845 6794
270 -5783
-264 -1004
-1689 4677
2572 4046
2607 -3366
4104 5523
3211 7688
-3151 -2305
-1637 4809
-3944 1514
-8584 -3783
-6525 5488
-48 -1669
1058 7684
7513 1028
8189 2507
6763 -8347
-4360 -4197
-3236 -1679
6540 9568
-4432 -7403
4517 5817
9158 1858
3585 2838
-2887 1533
-3946 -5513
-6207 -4049
770 -7901
-3124 -4194
-4556 1077
2532 -4070
9863 6640
-5913 -5109
-8588 -1770
-9009 8849
2725 -905
8160 2394
-9668 -4588
-8989 -814
9453 7156
722 -2145
-3282 9027
-7054 1158
-9781 6762
-3408 -4144
56 -4329
-4685 -6629
3308 -8561
-3180 8747
-2947 9305
9005 3087
7281 7895
9253 -6777
8084 826
1142 6115
6263 -8117
2381 -41
-2364 -9124
1901 -399
-676 -4676
2443 2367
-8312 -1959
-4980 8266
-168 3130
8669 -1783
388 9886
-1902 2193
2910 7018
-4902 -375
2590 -9500
4277 -5139
7978 -7628
3344 5744
-7813 3538
-9633 3943
365 -1325
-7633 -416
-4685 5385
4157 6811
-4533 8987
-9992 783
1247 -626
-2213 -7450
8845 -9287
33 6429
-3126 1902
367 3856
7932 1215
-9597 -6004
7845 -6917
7214 -6343
-231 -1774
7343 -2090
-936 5482
7414 -5416
1624 -4312
-6930 5471
479 220
-2285 3380
7710 15
-2782 2688
-9042 -8889
-662 6470
8344 -7490
9624 -4208
-1115 1689
-6213 -5218
-4308 -3994
3102 -7760
-123 -6479
7382 -641
5162 -1401
449 -1188
-7380 8833
-8530 4529
4039 5082
-4203 7821
-3199 4261
-2888 -9478
-8622 6133
9953 1108
27 835
-905 2224
975 4872
-1055 -4627
5209 -1872
-1030 4788
-6044 -5323
4578 -7709
2707 -8184
1866 -5120
2253 -3126
2412 4331
3129 -7037
8843 -5644
869 7508
-1332 9120
8719 5361
-9950 -7698
6103 5361
-4087 5353
979 -578
-7814 -1482
4257 3765
-2780 -5896
5912 7516
-1242 -6499
-8854 -308
8775 -7048
-6964 4126
710 -2399
-3289 7287
-2238 -4865
-271 4985
-1387 -8222
-7607 -3098
-9981 7565
3003 4666
6847 5462
7446 -4149
-5398 8725
-9408 2576
-885 -4786
3493 7784
5254 1591
-2876 -5394
8827 -1391
-3295 5068
1872 -5442
-8401 -4470
3383 9324
7032 -3617
3083 8234
5 -4024
9388 3954
2020 722
6010 -9351
2632 -4319
2776 -1179
-5803 -857
4531 -1887
-9154 4136
-171 -2404
7310 -3853
-343 4153
-9572 -7927
693 1164
3276 778
-8425 8456
4498 8883
-3554 -4198
-7795 8092
-4058 3342
125 7053
-5303 -9531
6481 -6859
-2593 8246
-5433 8881
-9069 2181
-4076 3396
8524 5385
8802 5532
-4245 -9282
-306 4124
9016 7375
-7994 7736
-7577 -4776
236 9299
-5493 9241
9749 -1120
9117 9857
-6713 3922
2000 -3964
-3077 -3996
3649 9114
5079 -6209
-4718 4661
-1592 3567
7662 2883
6798 9940
4058 -8371
-7395 -2544
-6000 -9496
-1508 7385
4077 6179
486 -1737
4382 -53
-925 1130
-4161 -2860
-7950 1426
3528 2336
-9876 -5627
8406 -2823
9123 8908
1262 5378
-8036 8718
3664 -1612
-3988 -1134
8352 5346
-5756 -5127
2732 -1800
-9099 8550
-5968 47
-88 -1889
-5231 8997
-9649 -2270
-4184 3038
8162 -5847
6523 -4288
-7563 5586
-6014 -275
-1719 2624
4352 -73
-887 -4291
9317 -8225
-4083 5675
-4329 5648
-1953 5687
-9194 2382
2969 4112
2295 -6299
3926 1890
807 8802
-8785 -5609
2676 8511
-4939 7895
4567 -193
-2458 -6993
-4061 -5185
-1100 5019
-3095 5688
8311 -6489
5777 619
-6818 4066
-2095 -8180
-462 -6642
-1450 -7569
2417 -3741
-2538 7061
9373 -2595
-4508 -3264
2390 -420
-9116 -2621
7231 9493
5356 4966
8531 -1281
4991 -5720
-7098 -1884
-5036 -6991
4574 -5661
-5921 2696
6315 713
-3220 4149
-7831 9579
-8494 -1328
-2182 8007
8276 -2944
6914 6825
-4391 -7882
-5026 657
2886 691
-35 -4942
8382 8839
-622 6582
-8150 3458
766 6662
-1520 9521
3387 -505
-2479 1955
-7415 -1438
7778 -8312
-4251 -7585
-926 -5335
774 -722
2800 -2386
3208 6717
1531 -1759
-8306 3189
8846 -8977
339 8405
-6137 -8355
-8859 634
2007 -2402
-4578 -3951
-3415 1421
-4805 5667
3644 -1721
8666 -9729
3827 -2052
7612 276
9026 -1238
-9745 1243
-3912 5012
7178 2555
1396 -1230
-8977 -3201
-6738 498
-2726 6279
-3760 -9317
5890 -1599
-948 9936
4537 7663
-802 -4971
-428 2720
-3454 4004
-6809 5355
3106 4013
7181 7899
7284 2535
3568 6992
3498 -4009
6661 7977
2618 5106
3701 4435
-7278 -4185
-9333 1398
-53 -3738
5013 -3045
9103 -2884
-3201 6763
-8651 2722
1624 -142
-728 66
-8816 -1119
7027 7872
6129 -4666
4234 2276
8750 -7978
5331 -9543
-7263 -442
-4432 -9132
2713 -3725
6169 1145
-5033 -2679
-8937 4947
-2194 7209
5820 1309
-4307 -50
1120 -1627
58 2067
-2963 -7452
-9626 -2124
-10 -5088
-238 -143
4640 -703
557 8822
4347 955
441 1581
2967 5482
-2502 -8120
-8397 5826
-4326 -3187
-6505 -9819
5381 -6564
-8963 -8076
-4002 2126
9339 -3500
-7601 -3344
-8602 -3853
8363 -5578
-962 -886
1724 1814
-5874 6641
2621 -6579
469 1496
4030 9824
-1978 1149
2253 -6040
3732 -8925
1294 -9348
724 2827
-4511 -5263
2751 -3070
-8483 -2553
-860 -7195
6169 -7240
2233 -6182
-5073 -323
-4375 -1514
-134 6854
5343 513
8150 8560
2338 6836
-3933 -6123
-2111 7486
6710 3941
-8397 108
3053 -1748
-5611 -1803
-9862 6432
3306 8149
-4290 6017
6469 -528
3902 1166
1224 3079
8721 -7985
-6389 146
-2101 -6742
9262 1597
5342 -9178
-169 -8138
9417 -5709
7382 -3231
-2153 6735
-3586 -5685
7832 -5406
7797 -9524
-3193 -5964
901 -3873
-3081 -8946
9975 -7543
-4958 -5569
-1427 3521
-5688 6472
6310 805
3669 9029
5046 3129
-619 -8382
1242 -7315
-3203 -3623
-6494 -8152
3337 -9526
-7082 -4381
-5859 -71
9266 -3568
-67 8771
-3491 4447
2918 958
8135 1370
-948 3890
6993 8556
4631 9877
-7645 -4315
-898 717
-4286 -8300
-9705 5801
-865 -4329
8525 -8516
-4154 -3032
-2476 9263
1081 6282
4762 -8892
2695 8892
8318 1648
-4392 -7115
-6869 -6674
8950 -3522
8616 6447
-7774 1656
-6615 -7163
182 5215
8395 9891
2140 8048
2916 -3777
486 6921
9189 4378
9365 -5762
-3328 5999
9918 4425
-4053 -5878
-3986 -1947
2847 -2658
8006 4064
4025 -6460
6530 7619
8401 7066
7990 -2103
7626 2991
-96 662
-5414 -589
-5037 8412
-9539 1637
9298 3626
4935 6505
-1954 9479
8395 -2446
-1311 8114
-6357 2994
-5530 -1205
7795 753
-3912 8588
-5152 -4798
9469 7528
-913 -7297
-1020 1007
7355 -5976
-6607 1802
3146 8127
-6918 4888
7709 9561
250 -4549
-748 -8974
-9838 -364
-6132 5604
7074 7445
-9022 -6603
1021 -8936
-4979 8910
-2347 8084
7311 8580
-6915 -8508
6161 -8563
-9293 1620
-5731 3475
-6707 6153
-2438 -2524
-1403 -5542
9371 -2155
-2755 -4136
5631 -4096
2960 -4839
9311 -1896
-7344 4558
-556 -2557
-2952 9288
1190 9514
-6979 8269
907 -3860
4446 7053
8529 3552
-9063 -6988
-8666 -337
-7576 42
8970 2179
-5905 -4032
4408 -3012
-8034 5257
-8768 -4847
3394 -8703
6345 -3348
-9020 -1983
2911 2359
-9788 -8098
7701 7844
-8053 -3039
3177 -2313
6906 -9815
8834 7013
4791 8399
-6818 1394
1934 7339
5755 -5815
-1803 -9175
-4326 781
8289 -5302
-5422 989
-1737 -7927
-1299 -552
765 -4964
834 9002
3600 2576
8272 -8898
4700 -3397
919 9830
8016 -6427
-1881 -1783
-1362 2225
-7924 6485
814 -3983
-5420 -9198
-1318 7833
8376 3456
6169 -726
-1037 -3371
-717 5782
-6909 7895
-8011 -5590
-2585 -8873
-6356 2668
-570 8131
6660 -5307
-3460 -5295
-9271 6446
-8172 -1594
-8440 -7463
9661 8944
9012 2526
5241 -1121
-6972 2121
-4114 -7623
8910 -4807
9207 -1788
-3193 -9991
7827 -1053
-3305 -2583
-7494 1334
-7566 -3982
7988 1598
-9006 7501
-1441 -5907
1388 -1694
9405 -9760
-7095 -2957
4927 -7492
-7962 2878
-4366 4059
8659 -2935
-8715 3353
7472 -3632
-8269 -2265
1134 2595
2370 7328
-758 -7135
-3085 -5305
-219 -9702
-2569 -2112
8635 464
-7394 8696
-6148 4052
666 -4713
8145 4897
1313 -9490
5051 8739
6082 -3297
8332 2389
-9799 9299
-4437 346
-922 -2848
294 -932
601 -5663
-2575 -9504
3080 -4219
1037 -6981
-428 -4632
4058 -7336
8073 584
9131 -5308
-7605 -734
-3525 -5517
-9987 -4014
6046 9517
-9242 5343
4091 3545
-2801 -2247
-7559 -9608
6328 6557
-6789 -8296
5848 547
122 548
3227 1232
8007 -5274
3194 -4866
-3766 -9107
-7933 -3576
6663 1448
9512 4819
-2663 5613
-9830 8239
7507 -968
-9317 7771
-7356 -1265
1116 -4440
2542 -6002
-1433 -4939
-3917 -7878
-2388 -3944
-6723 9404
-4019 -3871
6027 4406
4248 -3348
-6483 -6217
5494 5584
1728 3613
-5647 1942
2986 3229
500 -8933
4595 -3820
-6608 -2158
6285 8597
3357 7766
9688 1901
2527 398
8126 9670
-1725 -3171
9137 -3653
2494 4959
8219 -5534
-3920 4514
7668 1734
3083 -6196
-5105 2594
-6352 556
-4576 -5599
-8981 869
-7997 -6552
513 -6719
5904 6808
-2782 -1585
-341 4723
9675 -7262
-127 1588
-9696 -569
6561 4070
-9504 -1814
1780 6689
-6586 99
-124 1018
-206 4115
9357 -4720
-2251 -2545
-5834 -3929
1202 2724
8271 6419
4879 451
-3511 -7053
-2450 3972
-5405 -5316
-4553 -8518
-6802 3350
8242 5758
-4856 -6451
4429 2946
-8465 -5484
-634 4469
5777 -5928
-2593 8263
8926 1379
9816 -5814
-1311 -165
-9617 7072
4303 -592
8666 3082
3792 3920
-720 755
1481 6551
91 -2256
-7701 -9620
6330 2810
-6747 -3035
3987 141
-5809 -4207
-2996 -9388
-7102 -964
1555 6237
5862 -9641
-2329 -4574
5702 -5644
4127 -450
-5441 7676
4529 188
6531 3576
6967 -6408
9092 1774
-7715 -3286
-2941 9198
-9645 -8712
-4685 2439
6115 -1952
2476 -4283
-9181 -4492
-6047 -7126
1583 -3377
-3704 2434
-8184 3429
1294 9172
-6162 -6038
-5474 6855
-3670 -8653
-328 1858
-5474 7341
-9596 4215
-6970 -9501
5785 -3022
681 -3641
-2501 5988
-1235 -1304
4023 430
9451 -6365
-9402 5252
-4132 -3795
-2161 -8495
-5032 6123
-4751 928
3041 2646
-4816 -5839
-6473 -7574
-7839 -6887
-1237 6554
-8733 3084
-8949 -6065
4366 3781
-161 865
9025 -204
7691 7514
-1114 6642
4053 5326
-9799 4060
1736 9531
-6023 7273
-3908 -4530
-327 -5877
-8748 -8464
-7081 3260
7521 -7662
8235 -5004
4418 7384
4130 6148
-5582 -3235
-1040 8526
-8342 -2619
-7467 -6075
-471 6770
-9414 6648
-2113 5455
3949 9642
7475 8331
9159 5978
-1067 -3183
3251 3660
-827 -9741
4076 5582
-3332 4178
9623 -495
-8845 -8437
3894 -2463
-6230 -5620
5085 -944
-8321 -686
-4399 -3110
-9371 1597
4730 -511
-9557 -543
-2075 2079
-2800 7429
8093 8698
3620 -8135
3530 -1282
3433 1815
-1457 -9291
9906 -4248
-9702 9388
-8760 9010
8242 -8619
-6726 -5784
