290
100
694
968
509
713
581
172
494
10
613
561
397
438
599
665
107
955
930
660
46
148
46
563
921
537
440
356
59
625
316
18
408
224
83
154
525
830
44
319
683
18
685
973
448
427
572
979
5
865
302
492
521
576
158
191
213
112
374
483
590
974
163
545
794
961
567
445
461
772
408
43
442
427
377
449
862
189
706
139
798
872
969
273
236
109
410
467
821
458
926
307
409
935
724
44
821
553
205
219
89
388
772
257
247
587
875
915
315
896
216
147
963
966
708
418
178
621
141
953
193
272
893
505
552
509
954
368
965
503
618
712
315
609
324
739
710
992
202
802
489
1
339
152
909
261
244
739
787
717
939
579
156
943
17
826
743
644
635
812
514
572
494
464
972
948
266
979
578
509
133
42
340
492
392
341
249
234
48
909
724
429
670
863
815
198
904
280
696
928
305
918
130
390
785
363
304
81
196
874
802
439
610
73
205
775
532
101
538
578
485
717
776
450
99
631
492
51
555
686
959
275
872
455
548
639
845
78
81
344
675
257
263
937
589
741
499
872
335
318
299
482
720
736
92
149
623
871
297
989
507
10
730
995
915
362
485
404
233
120
831
115
523
635
416
240
170
435
32
844
527
731
62
259
623
301
537
343
400
473
828
740
418
823
539
768
580
436
8
724
798
