9198
600888
919702
844445
987740
844503
553457
609980
837445
729588
718783
672590
759786
659316
937930
751724
547028
520942
664676
524671
955413
548869
814103
743180
961860
641267
799981
571924
821954
909751
698091
597761
663285
630213
790530
886387
506999
709064
642814
600478
844648
931230
724370
751775
743098
501866
932472
946925
953564
832063
957730
741136
620915
980273
898606
859957
522387
966874
534237
523709
932632
910374
965917
967604
600812
697822
974876
659415
500050
833289
719087
832027
615715
638320
868398
881847
675185
888924
853626
968485
983850
901242
988430
529281
541318
793076
867477
704554
847864
698305
638379
987339
861846
933706
517256
672703
738875
538546
719715
742715
668308
614720
722985
686483
951452
565700
732346
501299
796307
629462
912444
882449
521354
984276
895516
557473
783897
640368
641740
878011
808438
993216
974789
837570
876511
607213
781513
792137
799163
529558
592772
503215
825606
614910
915024
644694
536484
871799
901834
731491
884123
523289
729593
678550
630195
773024
779702
546007
961877
858272
709783
613657
647023
952085
950735
750691
881924
665909
999411
735770
703474
978416
734292
996221
565620
558534
860752
601678
853122
638553
810177
560289
889388
608241
717175
648138
877382
606766
577683
607024
892458
823674
836135
547580
834214
595685
940027
611596
706963
612325
752630
596950
984836
602512
981223
708714
680971
565281
969708
978538
979653
711187
610507
754457
921872
690859
682203
905597
927153
635500
820216
679832
774420
963187
823772
879538
834340
700431
801343
945972
972061
677510
850998
510152
877974
790217
581144
557604
991874
715036
542515
727807
602912
918525
593116
523811
917573
604400
877893
786356
672219
637382
970847
798794
666506
666015
899690
613355
669301
817845
887527
788551
932725
911249
535097
784561
700543
668072
723946
741768
658068
709100
685299
977673
698899
766141
512084
529947
584604
830761
602302
800353
839085
517227
558047
776477
605802
516527
980270
576288
620450
522286
796721
800385
958943
825008
670198
675622
935945
734348
523204
642333
764868
715699
816922
856147
933943
784450
910098
908084
632263
551185
855905
715504
650145
579892
963372
771067
961974
704143
923374
528977
841468
657342
509225
548693
651598
939072
577446
529045
771560
913349
731817
557680
635102
519286
868813
597518
537424
524461
849268
877425
712545
668798
996875
622082
803788
919385
940151
576785
684536
577955
536787
660208
809668
732054
794770
777427
774296
991147
534654
745349
787275
805077
717319
798510
564840
580582
942856
513701
941349
968664
802409
520079
547154
876518
754702
509447
500946
998603
647794
672527
633152
537368
640718
669517
557509
564316
588322
680885
827000
607627
918368
587936
658233
568765
991816
717911
587585
955699
974323
999967
543564
938868
788979
875561
852451
627178
502163
873722
964447
580223
978806
693967
927104
539659
724456
825249
938590
578609
707976
916893
903779
574304
712362
655482
788178
826962
690766
727549
889996
952400
673591
670741
815120
740878
579896
605714
875071
712040
966256
576353
842847
874385
887037
596781
818062
982717
830648
921345
960427
519515
735636
877193
645457
572407
657072
872698
621367
844883
937564
893155
990133
659185
709679
973915
835891
569453
861584
836240
808109
634923
913643
942346
639968
804564
978417
532757
688011
839983
755620
747563
746166
569474
510431
809749
661021
668501
716840
574652
954049
638334
881732
568576
749889
684327
971126
764767
696534
647159
674037
540956
610843
767878
914903
889591
998875
839612
796074
578265
651498
883232
979056
633110
544330
757234
888597
893050
651128
577170
972199
908414
887512
834760
779011
826320
815440
540252
815633
679560
834585
677267
592622
869609
890044
900892
713742
559578
854499
967884
709144
863343
645668
875014
918194
541840
705378
616066
871424
722200
777116
739383
659219
694078
908934
883547
907569
949973
756590
975569
706193
905046
567588
801469
641448
615945
544761
849132
710110
661280
627701
856008
755127
869385
591072
572209
800536
592301
725231
629195
613542
716822
974109
652653
653827
752323
624252
998903
517903
604480
992792
845394
533372
949301
702515
933273
750410
902453
532007
558781
959252
619897
661176
800530
597629
774393
562939
849665
940321
570015
898888
799104
876314
775699
522963
830007
694558
571331
871403
592310
553713
903703
949682
724976
545594
509334
936428
876293
683766
716601
944536
834254
689432
871178
668768
914822
735646
789171
646725
890314
725468
851210
770901
743038
634774
690293
823487
800842
938494
881753
814199
718246
840596
520099
612933
589393
955926
733967
844708
850099
825656
862051
883132
862119
805268
668109
713255
574359
994863
860736
868234
929003
911465
983423
855027
643149
932579
851722
641536
868727
913796
794211
866624
755757
839904
804559
686759
722242
726476
955307
517117
673507
726706
981577
757611
840927
879139
684057
695851
569823
574013
672597
957333
972153
618340
690490
768994
920785
855976
716974
741320
813286
562348
545132
669322
609304
896419
588544
545247
651727
759251
983090
713346
799282
744762
576043
804696
974553
877052
980714
819501
848533
802235
810689
745375
704616
791376
666122
816671
845825
908631
559352
689840
837184
713447
650098
565107
605608
682349
585695
951345
858972
646347
869271
945700
977762
783484
912195
639201
807562
913431
603471
867250
697943
845053
918034
718632
846111
790178
557460
771723
579618
552206
635800
901966
855504
674213
630107
751805
803663
540655
993090
510733
544966
957561
780818
719951
844557
845869
504283
645833
773316
989537
520772
828783
995302
700147
917481
935740
794996
545309
537835
570682
957042
586154
737431
804892
535430
918434
550542
883138
811629
701453
943221
771851
599906
999833
609723
577774
639184
928291
704903
548069
706592
823797
615975
831001
661149
870603
943931
507085
639626
639366
901299
508271
985674
964770
571338
873173
606583
581287
774188
518987
622213
705124
997899
773866
597008
576854
803823
912373
969955
771906
635414
999563
519935
507240
831490
564096
929721
568086
629297
817852
687167
563530
878442
532712
602912
835991
875157
888775
717265
582320
875733
626800
798544
863061
564076
825525
802463
523225
938928
520866
510617
872411
900980
564726
598751
714230
997263
546225
771716
981524
849983
816462
827320
628997
811314
607938
898202
588925
614776
962051
532574
773744
586232
735209
821582
851611
761848
556821
827762
589054
551951
758315
867756
561862
891942
522994
908481
562070
585487
588461
758178
696710
850345
608455
835507
623690
721577
968006
623051
622850
523616
835477
766975
891248
653933
768516
920612
787743
991746
775952
991182
621742
814188
502199
735058
686314
839878
635529
892445
632718
961525
744511
786784
660289
502225
581159
847490
544965
792410
863702
696407
746988
779261
529331
584323
800445
578421
876479
855443
954095
794035
923906
769649
827083
825551
533007
851499
523861
826346
597656
810759
589579
529031
693975
742378
856937
589966
661829
663436
539912
655293
927591
747446
780335
692720
555609
744583
996373
938310
765869
838080
651072
859541
887745
940449
536430
781630
719618
737404
943964
957718
699617
627395
960830
791161
943397
594030
564357
658957
733961
718161
976301
600229
931830
999099
519027
896836
537016
825571
888195
523670
781812
672281
696734
963694
768979
612668
896796
901745
908706
907642
975815
533945
580050
592641
536066
955590
566496
917784
600673
544854
973914
889066
782720
787093
533563
909109
737092
968185
783059
740869
911015
810859
775794
773993
554866
857855
853341
848074
798164
999416
923452
557531
521474
759325
919037
537778
630844
986777
615258
868143
747394
794836
567584
529450
894590
683398
729708
713531
852380
654830
742113
912818
552497
856766
933361
924833
529458
709149
528363
756385
995788
906287
685552
876733
949609
500550
823020
945421
785366
542143
696140
523257
667385
885240
913689
524258
756344
663343
913724
697940
511292
655217
765059
925880
685692
917732
992298
730637
757599
915964
779600
670559
940954
509452
563275
931543
905024
775769
549013
586852
660419
743908
608784
700967
771713
502424
789399
648585
665019
839339
546162
801452
589761
698160
773293
882419
821673
561242
776028
921551
681426
743680
765229
706157
926755
889253
503438
835704
977013
942299
704485
903008
597382
792357
520970
546384
713428
981420
893660
771271
697420
957666
912429
999396
979418
698463
700155
836380
722489
696505
638135
602505
674168
598366
739681
658855
563818
617928
539798
523901
626183
645148
798995
734981
610472
882176
950678
615742
697802
649339
743582
899037
632573
885947
845851
941696
667089
848263
920467
587888
633649
795090
622370
913961
726874
980064
871044
881022
729181
658052
689967
768402
890095
562381
584875
905572
515732
925349
664480
995029
922339
579077
641703
643721
505160
936057
949689
590894
583809
860082
695796
566561
867262
699447
733323
636161
640216
676217
564103
532308
540876
599013
689838
985692
631857
700124
706308
779489
574820
753814
566153
581597
985704
741418
921706
545738
504582
575075
612660
952105
766842
615502
940434
813366
612937
957325
988484
732592
665704
620007
502315
699058
932051
855345
700325
512783
810563
837182
848816
992227
932395
970023
674865
816768
703219
882921
899843
536965
867397
619118
723522
710845
973092
636255
661307
923211
927494
705034
724618
556326
717174
946474
662476
595326
594959
767947
694143
821895
542734
875214
846717
864710
667615
726923
598403
539169
533452
911326
955178
977933
646023
975036
802132
901454
873067
977321
876667
704538
659730
601272
707769
707489
590334
988530
624459
994406
651495
962637
581712
986159
696132
677144
560311
783803
863174
526532
962296
616557
856698
832303
639678
564617
508587
987127
588418
805297
967026
508063
634928
840970
608268
777753
876554
722130
858554
989205
795729
764321
818146
847299
797546
858926
528481
705729
666050
635978
613873
917413
935177
926347
739079
687647
691951
507246
809108
636837
750482
784765
970512
520043
600700
950667
942559
794673
721781
791238
998917
557589
648758
698660
854361
851248
907571
756659
594905
801409
837793
623397
729512
952075
974350
642946
888357
519174
849458
983259
590917
980022
963891
745859
704125
814422
985755
795002
599529
926420
601015
697307
927298
990907
616092
975755
705278
833643
831269
979254
630861
607729
640871
523022
930941
884810
811466
605932
874728
808580
931449
514138
869769
861952
748433
925354
781687
525112
563139
772950
530954
941914
968884
594587
849151
572626
870267
716216
586892
671722
717994
920453
998214
621263
516405
769131
776285
528445
860296
700784
640556
624373
698809
809223
548441
822419
958688
780832
765679
638533
599492
811443
533290
965402
871368
881574
503128
842179
581543
708389
845127
659255
527884
569957
760136
536212
647424
573451
532525
863433
874135
727465
969045
699626
555360
671879
664662
688046
854811
613874
707225
628097
582237
643137
701455
908809
917585
521972
950506
635232
603976
560894
687062
654317
637786
610073
532127
703910
931410
824579
597570
787309
662069
644751
582760
682589
517912
773383
710243
795382
505857
713440
948900
921910
978070
658405
917327
890427
578811
755764
680850
513329
926379
510800
750346
571368
878538
590579
922251
975679
824124
696812
745982
939767
751004
700289
784378
698344
834404
724330
638342
837825
673764
741169
614982
760425
626480
544254
528270
890730
586866
547289
994186
886957
808531
619530
858996
857783
953195
505987
507381
911651
924459
705991
825068
529722
798941
643707
849495
514108
989680
589091
678398
700781
656951
774942
931627
528718
924127
639752
524974
669572
860661
856641
960084
765178
850169
918046
537247
700804
646440
942613
594345
572805
734221
820575
511497
650357
820422
628610
872325
880170
820443
928249
718556
626336
947640
940833
935135
605442
807732
547100
832613
905059
597261
510970
505011
608192
836831
913499
854313
514285
825941
965295
837209
673292
743709
976111
778199
931814
793247
949834
657425
727528
861800
737360
736686
981694
967667
802672
575605
532237
879360
716754
830215
871624
758780
994194
563906
837833
819685
703134
876606
701096
696060
695453
629940
856104
748164
774951
828004
551742
758372
572990
544155
688014
505410
580976
611875
688999
889077
609749
684529
919229
523204
696191
579967
834906
540600
905380
814699
955369
756875
750405
691219
886916
862606
728900
506561
567702
990714
744219
962110
989518
511327
642344
650017
536353
920336
573499
554009
943912
908623
987927
566121
503818
760514
913609
690653
528494
867235
991844
606698
997621
926771
998648
526558
965803
709818
763161
941223
623177
513401
923043
809396
581777
567339
539144
598492
585770
876347
744781
532772
822308
969435
668060
985590
544199
785956
960413
992134
853382
776932
556415
795000
700709
769283
783618
504004
661506
783852
943417
880686
764364
738658
723879
675081
709087
828634
889853
579756
885123
636780
966580
840736
631990
836722
647910
765987
639699
858640
647424
720859
799933
936818
650778
575466
645115
825560
741508
654512
564265
780759
777047
776399
709896
692882
811984
623804
881283
675888
999222
767441
777798
678556
972485
989267
984386
815558
512694
589736
806996
622757
508887
622415
811932
786145
553569
737417
777082
703755
881178
798726
633541
544403
539788
585528
934434
976014
982017
595739
648833
782837
575348
625154
910161
682219
922251
693816
622148
522324
779805
952183
658542
922447
977015
978134
646846
831633
506497
962417
927216
609327
844612
881505
849591
680598
631681
638133
783260
846350
991463
944821
997301
991895
790192
688737
951898
680636
697682
841066
793901
813362
593554
512620
720122
647150
881658
579313
615516
785580
798269
984160
683186
712883
818911
869828
932586
556091
659169
971534
640774
773671
841223
519432
627719
509125
637748
970591
747712
995002
619095
942009
842182
995346
697017
749399
711931
892950
603587
886324
956247
530863
713838
557660
671381
964415
980255
825137
874628
546790
956976
880631
653705
753213
587608
638828
763581
742001
747138
677661
554749
809863
531908
770257
804729
899509
700505
653864
753543
656697
711999
910726
563285
976416
824503
848338
517433
969565
834035
777683
618426
537332
662314
595470
748762
928336
677218
587784
643534
981089
581991
546645
749717
668926
821087
810361
657986
898575
848360
711081
799512
684059
726518
842606
958278
898350
501604
790423
657545
881178
812532
585162
688911
531569
746509
765440
861857
809367
830104
719516
571629
762014
533486
616969
827578
605899
685402
720928
824184
885516
990112
898442
951035
517705
702000
676523
705496
686123
563214
960005
820010
655019
957740
867610
887745
910771
516237
584053
674461
575957
964018
745536
907539
520158
620647
643438
787204
889206
738896
913245
901268
971549
635549
842573
876729
601066
552435
554395
616287
893371
987872
866456
902553
614581
613493
836026
661151
525359
550329
924922
671442
997480
507891
779635
550880
969559
740414
762486
508452
531364
610971
847360
532252
739234
530032
566914
890036
826905
998242
653190
954500
994983
674767
845379
820338
676981
898097
779296
756003
774748
508170
868664
778488
961520
926245
573197
997950
756226
624432
772834
858735
762060
539308
618565
552558
686425
982061
808141
505250
603264
812794
708975
685710
909991
793927
625342
737128
781510
657048
660963
549661
577888
743296
923275
931595
892312
557832
792886
628991
684240
904618
874931
573694
936784
926721
851231
679555
662924
755946
970863
843731
867087
838144
890242
816097
757696
698859
966901
890622
954299
511242
672960
818498
912067
986520
633056
730354
933147
626530
511155
538304
742877
821302
639504
732733
628875
823472
916933
891241
919342
662937
907898
641798
812697
657950
774806
900490
714592
522787
874377
966347
980856
652098
684420
800768
611449
639111
865086
718638
996176
882487
651953
769536
752891
546966
740297
901215
892068
513095
773694
528309
778836
537638
880100
609467
842476
866155
929552
742603
682845
588986
560073
850309
704264
944444
735351
751080
821662
961559
751163
738570
835133
682357
714195
705309
541857
628507
512136
625833
680907
765240
954868
632368
555880
543515
844777
837893
727737
584565
773345
584195
976656
855486
673016
870840
566453
657042
841407
841334
985321
770091
650272
894409
745498
888420
831299
516567
849876
761111
698400
801187
684760
882153
664563
690046
730444
644842
765409
957986
946249
501555
530766
745983
551490
531110
713788
516764
503761
646291
982803
709409
775463
692939
873675
679013
726758
892128
603052
797597
720545
603000
949498
799224
715648
872009
858317
626217
685895
586165
541272
770097
529687
923440
566166
576198
633878
885211
747111
741494
842178
569078
881699
845767
784970
549886
800160
875538
970261
631269
562169
698875
980488
929639
598229
818342
758110
889815
514356
558093
629616
707986
870662
982881
850108
965412
705012
706758
672321
725766
502687
640651
966417
935877
862762
503467
669829
789215
873138
878325
547496
817584
564912
585315
974817
810994
799213
925318
510386
642130
577075
595165
880316
765666
685991
581266
538631
852834
640230
810060
716348
856214
727033
671503
831547
918772
769902
874498
919060
985009
965211
802837
773058
564309
793682
792595
959733
967480
982411
773046
595174
978066
855042
997421
740138
647918
755122
994638
808590
977922
913822
688146
659180
775714
756473
929569
833421
518881
501629
533785
912313
981974
878192
545267
663798
726796
977856
531802
528552
807830
503301
935861
725993
978442
601057
630467
908671
760036
661972
812811
798489
530746
676419
607222
691986
993261
620460
974622
625569
625424
545395
543377
925275
546673
585182
622023
836563
953034
959681
902190
701074
866974
759258
836124
606252
959838
512937
967730
607104
877406
633301
712465
992510
931754
872948
859078
696208
659356
770364
630189
541388
862510
672288
987937
701594
544742
512384
965299
895716
622059
581466
580100
755939
519298
812904
747771
655583
881650
873114
636671
656408
919144
624122
546162
521088
963830
833016
639296
713559
599268
732384
950441
628660
535201
677150
871160
594080
603412
679384
567164
561622
606449
620173
503832
887933
873008
552161
633290
812885
692081
782626
680889
922068
528131
686061
942345
547430
894118
710644
548113
639166
792411
954451
633402
962753
924033
771135
866339
658317
537652
823097
826295
695463
974188
671043
766611
516489
841365
810732
878294
797863
613612
980750
822102
987638
771326
954951
527755
897757
607885
545443
942579
740157
692541
883564
918995
872207
991006
611494
763023
855210
802436
870074
813115
937958
814612
662350
692284
516888
546951
666697
525856
617110
783564
793028
942504
636002
628714
999249
569251
677723
698375
508992
602198
793261
630391
661499
578724
689633
992814
879387
724628
755124
517565
803344
747658
608756
885280
868636
584798
795518
565508
760405
809760
973613
944497
788946
517615
950900
703272
816248
785195
963455
821054
510085
769390
713887
648706
774422
896763
734209
594738
926244
807901
566271
948419
747873
554826
625782
526568
878595
799008
819738
892603
774108
905260
918603
844421
859483
984393
817255
688434
738704
523584
506592
887701
835921
662318
951475
823020
688167
562799
823095
747424
594340
610910
665249
960610
683944
994321
980448
500410
842621
771134
938178
796076
859363
559575
953338
610204
694281
879106
599401
567057
900685
967796
649592
735708
868440
914507
787184
504700
766440
963483
950245
680415
664723
899762
978450
613876
772281
665199
563584
722438
666819
579345
971837
723079
543246
598997
799559
841458
988647
603624
991407
687110
566791
861440
540173
985637
635045
970373
617013
803124
995243
504316
664389
525834
992862
932482
585178
609736
675080
810221
528802
898049
583244
547769
630983
530838
610659
772237
582852
895826
757402
972559
761926
648238
658596
810822
798131
803634
749281
909901
996236
695764
579517
834758
904507
664633
960211
986517
979307
953697
587772
900766
901956
797629
754547
572844
900277
939871
508485
820372
719685
723186
812674
853196
643748
618496
615043
865013
866595
722056
973307
649730
564842
954602
535899
562027
775102
780858
906299
820609
560181
911591
825477
509801
512231
924319
551554
516978
881058
813440
972031
578548
754462
899259
931957
715075
613749
754900
870113
628191
525987
605204
511193
980696
562123
844786
709659
837525
791918
691192
915131
813189
937727
958632
996708
901909
927143
562228
796048
855616
523841
577147
526233
952347
879857
506605
852353
622631
815933
639258
932880
880797
735779
963497
846951
807670
955419
885978
887664
913037
786433
791994
799993
764991
935761
713454
601738
917157
991084
828888
696733
867306
847584
824784
655323
531143
505581
940687
658624
800031
941515
575686
576437
894364
803123
994010
890575
971534
758305
626762
855319
873479
636025
935399
615613
868974
746275
564831
621272
702818
625999
646369
913902
537520
525425
689509
797947
625815
995328
914778
593953
735819
517208
641543
938959
555575
992441
510229
781529
822130
921860
701584
678879
534880
703616
644133
829605
651655
700347
578598
721869
755155
831071
743639
764462
812126
619955
975802
640762
998729
721165
612907
718017
897482
702940
885540
874851
910444
745607
804697
894160
913759
807956
685817
529871
979430
875418
510292
746311
667465
609800
735127
828831
992731
839614
501201
532200
823173
970123
913300
925039
824201
551559
631365
590274
742241
662783
634925
848345
891594
644132
709006
680274
833074
810949
581058
839449
968932
619770
975686
789206
613853
721940
542965
859512
571889
823736
728641
510425
863299
735015
546377
769820
880828
678545
534752
598730
674751
763786
875129
565446
567095
785445
528021
866891
606826
863423
689418
509036
672141
556836
989352
922697
970127
706966
550223
986476
675569
572945
525589
889976
952593
966319
695998
783516
730967
544982
938054
798775
593411
902372
595966
573685
661110
525525
886554
623358
863644
978172
891055
938457
865454
674981
733488
604288
789614
944976
655832
722161
742787
859232
670775
654167
938977
938093
854585
693643
929030
630226
848657
714036
903207
624300
778422
969069
782746
590219
563489
628482
750474
692462
801100
608001
980427
897618
937921
845612
502556
615365
531300
804035
648267
977555
887801
933374
574339
600742
796342
793978
665605
612871
576347
746418
759725
872566
980985
862087
518891
883651
556405
879089
896730
839901
955896
896447
730080
766808
511691
677441
760851
518862
513420
959693
833668
912094
709862
997059
764729
955427
875883
627461
769377
845362
757940
901377
618682
901324
995875
873521
818760
501581
995585
822488
947708
794788
900466
708451
683974
670266
966491
707923
807853
916265
573882
617232
801485
656367
787384
937492
808840
913421
599434
884627
744468
843503
716257
816284
669247
592132
773173
745743
821957
726465
529102
634678
894869
699081
881165
519507
607316
736410
745072
535280
947804
536618
682316
768737
933381
531215
673564
889514
722710
975626
554259
993909
702136
688330
845618
860963
729305
710275
790532
639557
800514
591179
627497
680131
834369
975285
904240
792884
615806
791345
802971
729088
800729
628043
749726
691605
790117
881427
910374
537395
742753
673497
677481
602736
532703
710314
786178
862364
889863
792559
874172
878326
734357
650783
518691
825132
686885
998712
739610
595537
753039
765933
862894
629224
566160
940723
802394
600047
595203
654447
546961
972557
526180
917306
733394
799773
696579
794100
886706
684067
850681
776186
637861
752061
627963
933658
869082
954891
958012
638203
946764
507575
683915
940609
797948
848575
767414
794295
711291
817426
886011
838198
746945
938858
506203
642362
598323
774713
566392
973041
692869
650381
663112
914302
680211
793459
916911
669213
886059
851885
567958
981240
697329
812343
914890
686323
942414
696925
565775
752667
789759
669508
967899
920860
598617
748749
774081
613930
647032
619338
888608
662568
837344
579488
928163
857921
527949
717688
929204
919806
825648
543697
551323
706240
967306
673436
559972
756217
840134
518900
947685
678515
825596
978155
717652
783135
824559
906538
729378
629929
732573
573276
748076
927894
847181
907234
973537
808370
793783
686205
781713
530311
813870
677532
678629
768784
539281
894610
853176
898714
510635
805651
926587
760173
917238
754785
674177
823415
846814
661424
625581
976536
674177
698419
687274
780562
863015
834527
582829
780845
929983
961936
612178
952176
707102
816900
639545
560238
850841
975076
980046
805539
939878
618577
753814
545298
554667
615470
959581
689148
781199
672299
717024
984725
627703
900834
843329
611021
865263
915679
701867
682544
842728
638480
658194
796025
834639
757459
553553
560019
855694
953932
831245
539383
666275
823153
798156
688578
638846
992506
775893
638877
756620
977412
920741
526496
734241
580292
907589
784778
789566
778280
535757
982090
725285
614429
964535
697434
838443
930806
631915
882322
972524
937170
928882
822488
651349
566443
758905
857164
822392
718653
958512
719293
905413
501575
817553
927245
748687
617651
868727
698534
882965
881519
731425
743819
869194
969917
534792
625001
695854
712067
664979
989683
946569
898297
881806
564046
863984
974886
960112
755986
545660
993981
798776
704853
855356
556624
541816
942502
602875
769308
861325
594250
830124
785645
877180
982334
569082
831263
569402
972829
969165
867965
970639
737286
746726
611282
978359
840321
544640
855350
996528
990941
969990
766509
928315
924299
877295
794453
609263
566710
843269
785726
658788
572380
922355
826508
935110
947466
818709
554362
673600
800321
700201
692500
533615
535802
801920
564969
527607
970965
600122
804043
789551
915386
906275
971903
715423
588809
839596
538137
693263
799703
802335
718695
933042
507778
690536
717910
601615
811469
852015
906890
655637
769794
808682
748780
932719
797074
568032
521758
532789
625523
525354
849009
643342
894658
505989
505696
696365
934031
965120
882116
890772
737687
581611
562206
856681
823060
704390
814727
830557
578597
757874
845333
761209
761240
694572
909097
626590
552473
947977
606071
648809
871111
638051
714777
896612
537551
799812
960394
868819
970400
924474
922831
915011
940235
908052
690721
608167
657646
753513
727041
638862
587805
773564
621668
967399
595015
689712
998791
863778
743158
951344
868558
812027
706161
892540
977796
970547
522338
943493
922758
844858
654437
561771
630147
912193
521912
531262
719895
755796
890239
924673
965193
866265
916769
979122
849244
543419
676054
697373
705021
851648
581778
657696
758952
616026
663512
860195
855434
807446
872566
769578
649151
609325
841822
504416
741743
708203
587022
836167
671797
953928
735820
996830
920580
796269
991409
687338
781509
702457
996045
928719
532151
994843
605308
586536
820347
767307
556951
864077
722817
650809
684645
769956
908778
638154
934024
614105
504055
956367
720091
629365
946821
718811
979918
638572
797710
959870
626017
773610
737240
682692
685758
658295
929615
506023
806519
533299
809950
958117
766731
628101
554884
734791
926120
535360
716661
558812
867260
675160
592832
506138
644300
950851
930927
753975
852833
776828
566620
783892
905982
853928
922961
565107
946918
635150
754654
629304
709041
736298
786220
560407
917796
575473
694892
890643
633397
572084
859251
677553
987894
783747
724691
743883
836331
587787
646892
721058
911391
522828
520765
822084
686396
684783
842157
931382
600714
687778
856272
635482
782664
631058
651916
595166
833850
503268
764253
546715
811371
622889
577898
861393
974768
943469
738676
900612
618609
526324
685887
814902
764270
978714
751530
988196
949719
804085
614946
512740
747440
826836
556533
777907
643768
773176
678971
726959
609639
899828
806741
774501
918963
750607
588069
840461
526814
822115
896466
960888
775015
576363
899021
873234
552791
765859
532559
961456
723161
690723
903856
962647
568681
639773
831585
586843
509224
873667
895161
709150
956350
790255
956704
512828
773372
508712
961307
737771
606640
837317
857696
971365
690689
673737
766772
563460
819060
593677
836367
561998
581999
894114
669025
592618
594506
602378
882593
913441
955390
551781
804798
883758
810304
649713
690850
877630
760426
914623
639513
990280
856065
501284
941117
598114
797012
580143
507900
619010
873671
735462
822993
548424
666825
577462
936722
794516
666333
676569
695762
934710
742990
820050
870682
693609
504195
686505
992067
791890
528638
519955
876258
943472
908108
893489
735220
647750
542231
707487
518164
562319
692691
560485
885920
742377
772396
642618
755839
951888
700353
693011
637227
818756
707596
943452
844652
985412
803976
698125
566230
687349
660972
933589
824644
905748
536081
961535
559041
616280
694811
806966
829068
903630
829307
920983
882741
686550
620707
528623
974496
608797
741934
836614
719937
668091
860223
883178
631942
977651
719632
766172
685020
545166
934898
720874
694906
570517
848377
770830
916015
884473
725111
628488
659797
832633
958086
884339
553537
529791
860278
666022
970904
556692
825086
578731
654455
968440
576165
707680
808599
829315
577500
827723
811194
649890
741808
958775
550580
624106
544586
894456
551901
931917
576165
837734
669863
717792
585667
881910
677429
554390
938322
700320
772447
920457
852225
768799
840518
816581
939632
645917
876732
959020
680566
975607
661762
848559
936880
795814
886268
625863
892305
807216
755893
619049
732073
849423
838559
895861
598396
750056
831527
675972
528625
506195
796747
919987
801395
677893
951329
576717
753563
547857
873295
553989
898752
860677
976313
721534
593534
800701
692265
794295
672716
787690
659101
542205
732935
574294
841651
513487
906397
623268
843578
827172
665255
698675
984087
786235
771272
858755
795423
747708
845242
838564
969828
779732
584548
715796
677292
826762
805294
976694
998777
880480
573571
699393
976377
976867
559962
535465
569112
817599
921352
774151
834986
621231
982469
934770
511737
819429
751893
517036
932786
664241
706003
509453
965139
990559
846837
525126
628414
654379
973423
613379
645380
896750
806746
533516
862562
698414
867312
837922
790726
605705
501149
572869
541931
766005
865922
757969
707622
885376
938206
997004
790037
911534
660510
883882
501275
926793
775966
931880
667100
606250
597701
848678
532795
561020
694698
919807
780547
704943
547941
825136
751667
576389
878081
602099
747560
821688
873245
945356
824569
938935
665510
721428
626232
734930
519606
611172
689958
556062
698522
820544
748700
510936
623681
639842
836723
632151
526389
861506
641502
963039
598860
994519
658927
998851
970964
711012
655194
886992
852718
699160
539593
596704
935486
610706
554618
534987
645770
595851
971064
518634
943648
596929
835827
832488
603939
923609
740905
928157
772771
907251
928914
978293
935340
565754
511646
537329
695939
811177
751991
643889
532002
990368
573510
744386
658860
906900
881970
570554
910669
585949
970968
894775
666375
933633
996357
595560
827835
918121
610339
709942
654085
974438
718462
694047
547346
825692
972196
656102
779624
598935
809698
563480
923016
500568
543569
690965
792378
559117
542289
635532
748273
713408
600043
700953
736231
805025
873856
763768
539322
621499
950288
568533
866864
585229
644141
945892
775640
905902
662077
944380
618782
993837
690914
704110
614935
900569
831412
775081
868121
740767
925449
587979
907420
667541
893213
645641
502604
710559
746437
695043
692051
800996
899857
614548
947016
568305
776518
805144
779789
581587
605308
650918
862583
691983
605979
958553
667845
562367
774230
851452
837549
972771
968084
844045
625739
567692
972881
770856
608295
984562
900746
649289
874880
957524
994729
647001
807556
879064
707252
656838
926812
743588
717406
861832
877790
544562
938570
867510
596375
724684
762961
641612
909810
550559
790142
646275
705095
875414
647479
562209
627708
857822
534114
851245
916399
555799
688262
669109
632633
520690
556292
875142
686200
915143
832114
884462
744180
773074
568927
812896
922613
985799
991466
750946
796149
934419
846550
911899
871885
785777
610614
749221
767608
708080
586279
875053
852127
903724
537050
926644
825717
975080
834942
610319
950408
702492
784780
812434
741135
883533
595265
993842
666599
966002
678234
981722
509302
977317
760302
900161
975895
591813
903193
745125
723978
922042
922879
896940
914461
815598
621600
932689
634614
510543
866583
857305
615165
736033
698339
755602
650947
685882
542647
777277
794577
860883
539634
674021
710221
762192
968257
545740
867623
924709
966036
767234
943722
839821
852251
503142
651651
693102
589863
628214
582684
736478
583834
547623
948724
995507
820587
783609
970022
603006
677241
638091
512311
787343
675862
663977
650884
845638
709181
836178
526433
616307
746443
851244
616994
547264
772675
510958
766370
665139
909650
854149
832623
829987
500559
538735
821104
839208
763791
788375
962969
524579
641314
939853
626606
724500
904092
850748
860353
519321
751016
966578
971370
954004
516814
548142
727694
847873
833084
624643
802455
764540
704510
678825
767525
634586
814407
510443
519973
688466
522281
951528
539927
932300
743669
534783
566833
530440
905280
678025
777821
800925
537607
756418
871287
835998
672567
628762
969071
628750
796986
760148
586063
792748
659479
987309
663599
547369
673259
950737
989577
964677
807920
977719
712421
891421
806753
976155
744051
789772
779313
671944
668253
559363
865114
870812
535486
676121
527330
511312
727940
798372
909785
939489
848245
541877
965408
717530
765185
515692
662978
542412
968485
766124
851461
574460
855410
802471
591759
592268
598497
802170
871862
907215
736671
942897
942150
930477
740665
503449
561283
536626
566479
696980
877035
955439
580267
933177
766011
597639
817743
785338
754596
564169
564008
855341
741986
871156
674740
642744
717610
652102
927613
804918
510603
806813
889865
838099
732851
608301
975702
547385
573946
650227
975030
997984
556212
919747
881871
616056
975536
885659
837294
838540
885283
524614
623526
597604
694427
988191
528506
527596
722867
575683
808733
744656
896586
651080
642024
516343
577502
515170
790324
744352
957247
973263
570088
833841
573176
589251
604907
826125
918250
926639
946183
525218
566755
863122
964452
863282
735088
959772
846567
512170
719711
687199
504427
619372
529971
983283
897447
945378
890421
938865
767529
540174
727579
971644
632231
544914
857837
745298
591685
697120
731979
595462
718025
900444
731654
705857
621586
838650
841509
829369
640809
601980
513598
797955
762717
968079
971506
584962
851129
647215
928203
906088
901717
861261
709209
961903
543003
906527
790616
937904
865674
501711
936944
919919
587997
764990
837865
813717
565453
959766
788101
922820
579849
977192
980322
806310
949348
690184
588699
644872
893315
904744
980823
818784
982395
947542
688897
710302
925332
638983
570143
990443
758202
845007
800730
843943
645885
824277
854022
685477
615274
973551
725932
566329
764555
578644
789252
622854
888056
535119
691378
664759
765574
895334
995090
822385
733795
677234
748915
775594
704230
591037
683560
799152
768140
636583
982085
568372
937829
988313
987942
938425
804799
987589
861889
933640
638792
503673
663424
953501
560953
547933
860124
934220
585698
893265
780143
525524
564608
708880
607386
774009
965803
814468
510799
719104
709234
816092
610246
860494
819649
887405
991314
998655
928079
790455
527880
502679
664901
547135
504202
874859
864436
517404
973986
930300
800658
693506
727418
555064
791121
699708
550429
563089
507318
730991
966463
865033
553167
778562
916024
565102
817694
742187
999962
851675
945323
992867
511485
736326
625273
807288
945145
697000
634733
787159
645229
603394
950828
785759
759967
853884
885480
701259
725244
767697
913596
692167
618516
866855
728655
860545
822031
737935
755044
717123
853235
592824
885647
622818
864386
858210
931735
864410
868496
606511
671654
652136
780186
670838
504256
607472
877178
932759
578927
663944
877056
851386
539842
842832
503385
858163
788966
623025
750174
684862
769795
781802
829560
924112
886567
827531
622757
672457
747324
770328
538216
554655
523975
878272
971031
814382
779577
846069
855824
961604
789749
551992
878833
969977
785569
777280
846343
856996
582054
569309
670812
704048
969399
983621
815892
831104
662297
544927
534051
676236
928943
730928
584982
869100
783176
901385
778183
616755
551538
796855
897175
524441
661776
711783
907021
713124
942748
966764
627336
953549
929403
935525
547349
655749
935050
778989
589937
669635
544088
787688
987681
820339
513393
684374
789585
633128
898030
609573
583044
629792
792002
677258
779771
617775
500321
705202
842918
872576
710106
970784
530051
506084
946656
597817
911020
920005
865691
971835
629139
644986
882388
892458
886454
807092
563924
997001
790117
718107
686191
985011
975814
525839
551879
860552
733649
572952
909710
887457
641401
775844
569549
539846
803027
544393
608942
721577
732568
882393
919208
867924
982578
836776
681961
737564
602331
934146
638784
699034
646906
666176
860358
719296
615020
590764
995131
863858
684447
533992
778386
609741
858724
980198
797311
654166
885001
650809
575781
910653
820835
738972
921417
846162
627071
619385
927947
910242
832644
702634
706607
801532
839104
966469
792455
908124
576156
909955
810700
636758
887252
687283
951687
905564
832078
557829
915956
827451
773226
713918
695542
676490
793174
878308
855152
842259
857984
783177
815662
935924
669945
508350
685531
940366
521422
560557
689596
915075
912017
729252
953041
879847
688240
569042
654710
689821
959180
878488
993016
661623
535746
771976
846622
989686
999675
755965
902594
675191
612462
579690
753484
532979
927698
997421
808446
636978
904509
609202
688953
669355
968202
637439
997415
818846
866589
604037
832942
809918
654367
803364
973671
571324
917781
558269
930825
901374
635181
646481
816807
774562
912819
717243
932241
774110
947741
620103
659844
643888
519822
944051
836173
889197
669846
765808
950715
856050
530912
851984
833457
621957
650421
761241
753124
696579
637270
999013
763702
852434
850136
617070
654206
867280
922717
962859
545735
541051
775842
633087
715796
927703
512012
666198
715603
977310
845025
559758
817316
616485
926439
659859
880763
805502
806019
913868
884082
738117
763658
772240
703478
665694
760882
732852
685627
746632
722041
744993
510885
713721
949143
695675
996860
607164
507802
704553
651423
512946
618808
765800
971699
801798
799844
565378
716712
724315
843490
640894
636541
849945
756554
743250
679062
937789
784146
661265
934456
778993
769814
511530
529974
502395
965565
652679
930975
826986
930466
980288
835058
608572
760687
504568
787424
700955
863652
570779
851417
865598
910921
881003
578778
659999
942239
914886
636176
707650
962481
664217
774020
520153
970006
876674
828790
601746
712359
864343
935564
977690
781639
579256
939331
968825
965541
820411
830669
600582
820786
777661
678180
903260
753314
593527
628909
609710
839796
517236
872535
587308
850383
655243
793849
864166
904870
647116
758446
531563
957825
685066
837496
625501
808923
836718
519552
659790
956982
859152
986731
818956
901115
856823
938605
739552
821691
539262
969502
988394
543226
910631
693647
982526
904459
636673
765425
764987
912796
907818
905550
726786
516746
813871
504934
940640
664090
570913
912875
891826
780375
570924
759583
644029
771380
604302
504725
639991
692277
531851
535045
682188
535252
552561
574525
941992
837465
774058
858820
779456
993203
838285
545169
687057
640273
565789
560878
584615
949970
573713
539407
975167
822792
671313
740904
665460
855555
574929
809420
622270
915911
657252
623735
997766
808969
698744
612510
930566
983221
800622
977163
569747
631849
685982
578874
574583
655727
765131
780819
585724
851086
553915
656389
566549
883685
851845
710449
652644
996356
664862
953676
957423
641301
609135
805503
712367
807055
657923
551157
697399
531651
800650
567873
639990
657005
922149
735289
734283
817611
964812
694337
972803
573309
678467
573960
815310
698729
650059
882495
647983
868530
859855
774951
746705
574522
690838
521202
532827
802941
880761
808281
947104
864772
979133
934022
766389
720137
658912
563974
700973
787331
625657
502804
604972
551042
676100
612876
836763
679907
813938
756963
655869
946974
862196
865285
644382
564009
705538
557915
658971
527177
675927
591936
745814
904154
938210
503921
571019
930724
962832
854849
965526
508042
994856
533358
686209
953139
650957
834399
821118
989468
709370
994359
935886
980987
670494
589920
615075
772903
954419
700416
635974
690847
988583
589448
561002
520090
782071
711089
848522
911606
807296
693569
933980
645522
998632
967485
937602
729486
672517
740246
630774
891170
876671
851196
977496
691859
869862
949828
949552
801562
620191
878086
919592
771950
643345
951789
536489
796840
687437
764166
515428
962776
576228
615746
759634
719791
848342
964061
981223
624690
718524
609225
630058
758428
755598
901724
723064
764393
658301
898371
814576
751110
840542
840679
512048
841514
950300
965477
910714
736977
514524
814515
616025
801427
832400
627871
743790
916624
837079
738257
659526
629258
596514
673888
635757
905795
745307
908230
845424
699721
535898
934658
699553
753291
741119
644837
634444
858962
824200
865412
922923
666710
793776
884829
565325
741847
767376
765633
570869
607939
936667
790493
963226
622117
865340
665120
625725
954456
843793
676494
587504
671368
780599
740013
591586
893322
758898
554352
997994
507499
634033
786179
541023
968425
883062
905290
732648
523461
892628
525232
522202
573981
739878
581503
850994
839073
893776
886852
896527
837515
504105
680448
579599
577615
581125
932394
833532
885666
548749
519070
516426
644008
946551
844960
510614
933863
711773
825911
536856
709238
648362
970154
701300
648351
864015
643845
970715
964278
761629
915195
715305
595469
581874
941162
780579
665861
947761
736327
538520
606248
770337
889323
762428
553187
629364
949506
880014
519057
565304
511876
875814
777175
995001
609371
666951
733685
515086
754862
982696
636981
943751
718498
988789
758533
633917
967392
900679
592599
555732
855978
600741
794617
505237
790279
861398
906084
958312
790738
820144
834112
839319
779527
859715
748320
695249
681453
872527
991664
557516
523980
840225
891315
591573
698673
956955
518154
948188
749817
730753
888727
622703
605667
515733
892165
747070
960294
601460
505110
647256
541598
753219
593202
627798
866054
699702
619846
544834
826374
856340
846501
937752
627542
561037
506442
783330
813774
892247
576384
977621
835858
720738
826377
967774
613382
826971
708767
502140
800692
992223
724767
966515
575562
788874
701025
879670
884669
915649
760235
799359
757403
739583
839355
922338
735098
521530
797665
795291
613358
507514
912099
549135
709680
570851
654951
645641
608402
590526
729514
622547
755932
776846
638537
736828
993523
946135
585735
902214
574710
593128
558645
613129
949701
759096
578852
814302
945428
789182
705663
851187
714363
586824
598235
769774
507571
918264
697874
688684
674870
601489
961186
921809
673385
775842
582435
922411
596074
790162
894143
560598
724848
592918
939715
626103
759086
651664
991722
924680
799328
575020
803167
799956
876490
719188
647703
774174
665621
895776
531225
832515
706055
750282
925681
657663
720144
893464
927919
912344
819767
890190
619068
718062
525863
799599
589415
795388
826951
941079
868013
897732
778896
643920
976505
616662
687707
620404
746872
603594
915254
897330
873808
811790
741919
969713
583072
802341
533317
664281
646719
748965
954387
770708
874076
821647
801988
523786
739391
536885
800604
568237
937966
608346
677303
679681
816275
635419
944680
802133
546583
835966
814095
811239
599932
823342
763112
900235
733273
645376
812633
602449
990189
771702
642124
680930
955612
758313
517714
834469
581979
889459
966479
929271
719833
914856
679178
703784
643402
515607
501446
744501
767413
852307
684831
963576
774901
940027
694952
979026
801585
720373
628103
527251
510816
611846
905323
617432
748420
862396
699058
961156
931552
919396
815900
575443
670505
762183
601772
860072
553193
849883
630726
739635
544347
641785
761199
697832
759720
638391
935283
836494
822529
694068
847044
744133
872643
782657
577293
597886
546614
864696
855696
889135
643602
516626
901292
603004
757178
972272
722460
768569
736069
850327
721128
507629
994894
815628
574469
840998
699304
584555
803951
784205
882768
943022
805877
525935
657440
737623
671295
936040
517229
540453
677938
658021
593836
939963
672448
815377
731991
515384
961044
746807
943307
929291
703936
914143
613941
622035
725368
771434
524785
530423
577151
572074
810121
855888
647559
810339
965388
578312
507813
790677
573029
872520
997952
911278
854400
772180
978817
898333
671353
659923
991340
990162
944781
895316
777106
774494
891169
992832
725214
722294
500771
653939
814469
676446
932595
988691
963071
674669
766810
980772
909208
504361
931642
549845
822660
510832
918089
618863
866088
888029
874190
621535
685633
977973
690109
857232
822713
907523
906172
739763
868013
822700
764657
643518
772924
797202
868306
684036
525253
935773
635961
914838
575358
912834
500871
904968
594077
778772
934095
602600
842398
724590
817504
899923
861115
986064
875126
995649
821691
909236
506586
585700
684465
657768
850602
530305
849482
572449
866678
836413
606918
830372
815802
753665
711925
799702
967945
854206
790124
800671
577402
871236
991373
830964
689332
592520
849743
787115
576751
579058
558994
930980
807085
709173
685274
790417
584218
744146
996815
787153
660539
732449
566858
833939
535380
557790
948318
905426
846700
799684
903053
980463
694038
625863
552085
647916
947592
562910
777572
536235
997103
755530
956526
961180
565690
613561
609861
921000
909078
722253
915525
896479
932460
727485
507546
886005
613881
616042
532591
579723
616431
869721
724561
542402
636705
977607
588872
562300
636151
854021
875984
836068
821446
855786
705790
736003
546744
893297
859367
617744
882975
753518
778768
571311
659008
978648
799992
877050
906276
804176
748380
929108
881766
798940
702264
571208
587253
860289
511662
720664
834913
929261
736693
927537
586128
646274
812274
524251
738496
914803
665390
633998
956286
588618
513932
943780
694202
501480
881028
794382
509301
681127
623311
903751
691046
787448
784883
781667
952359
778157
593864
689701
712648
674493
942955
503434
784618
593102
854993
743164
961197
699737
675925
753627
792669
867952
584270
787858
500460
515351
795344
855177
787718
806715
674772
838052
890433
634706
878473
861285
790962
948315
646619
550004
774710
586814
627413
833547
674331
575024
603944
766642
863284
532001
776587
934939
714565
608827
911251
979371
876327
857683
541083
915294
703323
970245
604363
620826
939779
752290
837994
765429
597701
808291
520564
753861
512820
782460
959273
940120
813718
512301
652398
712665
584994
785702
585711
648500
855918
535230
751916
578127
755730
912245
596114
917088
837490
772316
766989
586850
561947
994987
890381
989428
884935
916901
593219
521846
555341
787881
897794
604652
623343
538981
650109
679705
922353
713392
989849
625103
698790
937995
877649
574474
607492
654109
623693
587869
684090
513139
624184
628197
813739
852107
658564
743869
631087
828779
755530
583222
919474
932428
755180
629515
567260
925304
536707
867081
857711
708338
510881
992170
751376
847784
670277
836678
961461
959731
821607
897805
825029
588267
600083
567162
754496
734363
741944
976529
510522
541330
954118
640164
922120
904003
590993
808468
911721
922597
588694
512006
767420
948470
919271
559108
825157
963308
515731
623796
738139
575003
888225
855589
910450
788913
941723
655605
984300
518831
940453
654059
812808
818736
844464
723267
879501
885620
848586
733756
790380
569841
652841
638195
933007
637151
571012
700840
699594
697986
979870
942850
642448
925851
552905
916015
656608
663223
652693
920367
562550
685577
522012
555264
709318
944282
595790
941230
798794
947039
960818
998818
681486
916448
896790
885362
887024
643290
710377
896918
793540
874504
744617
742145
585462
872328
783775
937491
691326
803780
885327
965895
530336
667271
672196
662055
939835
584600
901364
602092
977438
784485
882910
842479
986463
560400
862608
624773
714564
967484
505336
668682
530522
917927
835824
847767
653597
674334
508830
718541
838695
843452
961867
814881
714973
757491
601364
789337
859902
684721
955437
543985
862762
896100
769857
778490
903980
656021
536961
502211
810204
572117
559491
918291
860378
581759
656557
601357
949720
748396
975301
515638
912266
611333
568741
602400
801288
548008
593388
691884
851299
692892
930870
867673
870761
668826
842487
558447
600446
596228
859116
875481
544896
730507
551904
755605
788640
760386
868806
810692
647638
851447
913155
574913
940926
614530
569735
641873
919856
822918
838249
862987
712369
603329
994768
767330
826462
679651
809428
673918
662850
610175
805535
508163
740638
944417
863777
834323
960592
858957
911697
707536
823468
714153
888784
874442
501850
695864
544152
504738
989796
652964
521726
840032
650551
800617
734960
524277
587241
520697
518253
725871
602310
866609
915172
885380
533070
996910
919093
721289
586478
582558
853322
638555
767120
668119
612893
826498
984009
596886
686698
885092
681954
875314
675294
684525
878882
702082
885619
942241
949016
568957
861017
765876
956567
773929
611097
783473
821685
866982
687969
546673
793481
531607
883967
767088
761844
693642
784657
855774
680704
733883
778605
798320
659139
585251
577468
777395
956013
754064
839963
751948
646415
646097
731186
725898
894564
710648
645862
751479
999459
960327
965983
967772
818635
722159
897910
639537
893427
716881
969933
794235
987738
855630
562031
886150
797220
543907
912887
582742
622813
839935
553252
750611
769949
976992
517980
598080
703823
934273
740161
584376
586222
607851
590486
999239
952185
721566
775322
902882
974726
654678
815308
678807
640218
748414
589146
826818
678086
925231
530676
653145
645006
828658
689543
528932
580619
554794
883530
733971
860294
840685
586452
576280
867499
636857
920425
815600
628358
819366
932333
661051
687092
649855
635052
791459
553023
817925
816154
678746
936568
706113
956479
565233
582502
679719
840057
823199
605740
763479
615835
903138
701595
543677
620078
500750
572167
717489
623627
854511
818456
973345
652577
532474
542505
932417
614025
587126
516831
562353
950280
579643
910302
685999
702201
713083
696278
710502
598523
564586
681920
658255
992488
813274
667169
617714
577883
816020
749332
673070
564397
876953
941521
658757
963135
803209
794092
834713
532089
686397
617936
561402
850929
726145
802583
568403
867926
736338
636853
568329
543802
884927
650004
972451
549833
736450
583731
948985
668803
683335
753362
797670
531797
745067
919185
592191
802723
960559
910710
867246
933102
686530
540083
517701
586824
592766
983480
956851
618928
951206
942365
956815
701429
586261
602919
514777
943941
585429
769106
904497
522585
598205
792134
982633
935303
829683
770976
768225
795658
644644
840258
768007
904287
949841
796131
991015
749290
615525
570753
632392
816003
941189
767904
557926
934304
743624
847111
665380
939777
627263
904570
703237
582635
525877
682140
694892
909151
977724
519431
948916
577126
579892
830142
967193
919194
898650
530029
636182
587434
650359
769248
602741
671598
776694
512084
675712
607427
862016
903966
778533
532961
935236
923499
866446
548176
959534
799711
772439
695408
689234
530844
647377
868046
874115
798247
905085
760361
912770
584660
985413
509241
507892
870983
985060
879998
624951
690234
550805
645005
646429
895139
544691
961568
889595
671512
905634
740185
752808
741135
506696
711087
913412
686354
841972
825618
758499
572751
556246
838288
884881
656608
526241
638513
700514
662550
776876
661345
523061
760892
815314
772344
864829
824447
993086
561509
620810
707156
770252
729703
829992
506994
932431
713925
770967
720536
812081
868755
693000
524709
984737
827226
888203
795436
600788
668706
842791
780001
846700
906620
929115
909244
969314
745505
915552
870907
953691
679607
659467
934219
754440
868914
972391
640145
687245
952428
546987
803376
803452
849163
849388
701427
728508
830710
920575
979241
975371
520270
618349
770062
954097
628841
686764
562013
917579
590598
911526
732615
672219
605954
922050
640804
816292
624205
680632
587634
873318
733215
992536
926075
929816
664616
567457
765413
973913
637934
967338
670883
719306
613778
646427
963214
950646
588880
974874
684787
661315
612166
578753
635427
872842
818282
918341
570634
863254
563801
930116
915628
533410
662802
637241
891105
738600
831843
551066
705858
677235
560898
698053
835165
662892
869493
951225
581570
993882
563017
752041
528275
588103
857436
806039
945531
524862
669036
616669
886996
714194
515937
951131
540279
865476
921913
610138
736457
567439
916824
844189
953683
848100
557806
543582
831940
527418
741715
800856
694823
758078
656086
570673
595345
644309
909494
921004
946269
737704
595354
558591
609289
817370
940382
897417
899872
992773
696778
605288
926028
819145
862619
646099
666625
701709
740936
679382
898918
934468
957424
508423
634542
615607
935056
690600
714595
588782
937861
572702
893615
828507
934165
675707
927387
551906
885343
528436
784013
696020
883015
993089
765776
743944
726574
915961
831331
654095
934327
634169
872715
939598
828825
642494
641975
551218
585605
647456
845018
726571
992992
610770
517341
605526
887553
981319
854803
559281
917907
511120
687013
725249
632635
618033
685914
720084
542314
983126
916221
991388
588834
872882
747637
972077
513291
764098
794531
680745
790248
837372
677486
641270
912191
513073
508751
704321
510081
616722
647095
623363
689229
983145
810986
706033
866755
886056
665293
793698
929257
557176
904960
525622
555614
781475
578727
694861
532657
881200
635340
551937
534221
529989
872337
850373
871986
928486
724835
649673
570615
638944
711255
727829
736179
872197
877533
930496
629335
551051
938205
856988
788953
764531
923134
856619
842126
892233
741018
754678
629375
786494
669839
509222
967654
527716
994760
588530
586741
592286
589984
854914
969800
918369
553677
670045
748996
918851
963261
656115
834776
776759
731108
861972
549767
775276
851235
912304
923388
722857
931326
507801
682540
962206
579863
522681
534768
613064
648105
594781
698543
776584
801861
711156
619624
767149
574357
961411
735878
999295
866183
773469
914860
551908
554106
962478
844101
813094
566618
894277
666357
808820
681937
818040
659803
980865
856901
705208
960107
600288
511337
706500
652962
737293
868645
886415
569445
816011
849172
855360
595984
657882
757240
625317
501458
714198
777438
892631
598445
820998
825900
728040
913444
754888
744015
866520
640801
562666
585129
946488
547442
723622
838745
505907
780589
610570
569152
929406
990710
925251
783065
823057
717822
830487
986310
893162
972984
579615
922966
699608
783663
514381
534681
987744
738838
877863
630763
639611
945035
726197
890296
666955
704901
911913
736533
848673
927735
922426
745762
743839
941079
679466
539263
879906
519641
605392
864557
568191
982460
696348
815495
843229
900398
729361
874108
834219
900450
936362
978094
625060
730845
758329
560136
695335
645750
863024
676293
767265
967614
516747
797126
896346
699772
545427
866477
760977
616471
514090
506472
649766
501121
704833
644184
906149
986004
633177
851348
960400
816461
594133
787397
783400
943541
991485
853100
915409
683484
848586
994218
663126
618925
706278
698880
867388
939921
688310
974206
711918
893703
642394
975962
585215
885650
819861
633431
866025
670613
684439
743245
690323
815622
543569
511071
994784
759390
686773
604640
641006
555881
800718
879145
578354
620712
559656
849084
904749
670145
514091
970562
923233
932801
888237
886928
774989
888396
754234
735555
755604
674221
543495
680735
864941
893588
505120
771731
837052
637375
505022
537734
563455
787019
786608
609529
784820
877725
521077
704133
733320
592259
708116
760160
585803
995793
657350
744604
912000
613072
767249
878025
675559
794171
553650
865437
502042
992236
503467
933860
543876
978667
874866
709840
567458
884828
785156
568143
525997
679195
793907
862525
676552
509116
810296
843504
535839
560878
922904
676263
888675
704811
957448
992407
818377
878430
716655
918608
930651
990800
664226
540375
506900
920643
953223
774489
855624
639276
559584
980292
623947
634957
713204
799817
948891
695622
910187
932854
524069
908984
717185
555181
883925
687957
500754
926116
944740
568499
995543
681164
838501
845469
945448
500245
599675
695847
520849
655489
569437
948976
974538
619768
681937
799830
660650
541973
741313
628573
758310
978783
798869
891310
702713
914651
725956
751026
823910
671801
755916
930403
699322
616022
592258
713975
775291
526104
503220
878321
529173
885917
734397
610348
700542
943309
661532
904581
828832
515949
954593
680183
878600
879019
656929
822749
525909
925369
868187
622699
700855
589535
773478
963902
623151
841387
624768
986684
592726
618891
730114
757590
611399
798047
886239
925897
671994
684230
892300
803313
571539
620364
651378
995844
785219
703567
951838
909519
768274
516894
884221
749171
533402
997316
708534
682700
992655
911570
969580
592577
583663
725231
816031
979966
526117
752589
779504
945416
767594
597014
675696
770070
707933
631535
627343
987430
974812
855788
810705
794618
619907
979226
869111
877569
878167
646741
741926
622123
685226
713199
886329
520884
687114
699520
528788
930441
767701
697987
586304
555165
672788
841270
840023
800933
551559
619171
516988
747717
723238
712942
764754
508331
606116
700021
514559
527804
955846
728118
601573
538606
530531
685435
544740
992232
672097
507110
510874
693409
586021
896040
749967
886505
939456
564151
563802
941191
544566
682001
519599
770616
513960
685188
693637
717999
849934
671864
762591
637039
970578
823982
627460
757835
555398
831261
534355
863607
637293
814726
783845
589093
943219
813262
598782
938422
828792
919095
800985
531590
500759
890117
560049
774607
632378
966027
614648
682236
576714
560273
941058
643646
866012
789614
770885
682732
993382
609162
716729
692129
864300
998356
622149
525271
555968
568799
895138
937218
641493
923884
731952
512875
599524
559422
949780
846135
543164
798392
772950
636731
682910
837351
501620
608277
524455
924314
535391
625880
778377
673999
511057
651302
886517
641524
950923
854536
508128
532376
836360
954111
631837
975909
919743
507935
536864
628416
681896
635951
541243
890075
609522
562397
898066
722727
688750
584883
700294
967413
745897
796708
911402
917161
855041
589551
686909
847731
640853
662844
537153
876809
519487
998844
676923
621750
883215
850948
930691
921153
997515
942508
862403
724537
856728
661265
882773
525844
823051
605958
906953
731101
721844
807954
512109
973962
931471
631889
899900
991628
933951
950570
852665
594854
608611
993358
710480
514963
967660
861839
593868
788789
535411
728150
665486
697365
723456
880819
810017
554266
653429
722459
732451
788674
626503
547841
929113
926236
565941
870925
567406
849602
752802
718415
932069
739158
905357
849880
890435
588578
995219
694174
979673
936695
762783
761935
952799
750198
750217
520663
570123
594376
751695
947652
869953
862171
641703
560777
509421
503015
783288
619139
879181
601260
855151
605818
962908
847670
756755
788859
783578
643268
955007
923421
974018
674452
575914
905425
544393
552844
855177
757762
610706
631353
592782
644814
720339
689137
578972
600120
890186
560114
576721
570617
661105
789318
752090
758013
818728
652861
703081
679118
522607
632592
816500
645085
549630
509380
605035
691512
802475
722471
610394
624323
671582
797313
560178
735079
664784
511306
744849
967459
841577
609362
615910
652864
990605
575591
755065
981141
651302
950084
640131
551007
833295
765002
937874
513815
694910
910029
612619
798250
930465
889585
639757
583118
603376
933601
795734
683674
871758
546648
640050
847548
961667
630476
787796
511641
712317
798107
991267
999352
629907
673396
716064
844019
600884
621106
731360
960727
985885
815429
669657
597819
712384
509864
923798
743020
701242
836688
982759
535058
772637
563655
616092
997648
884103
638926
681564
611134
714494
986162
624429
565775
611056
764384
776430
888417
621853
838427
876062
921420
549306
928352
790383
916741
682336
809595
712232
944747
614952
943185
979276
721941
693950
521301
942126
638879
831574
788931
658921
945712
995305
569587
535028
698639
623490
546409
660216
978712
562451
856214
835591
848649
931153
989413
992733
606012
861927
801715
711985
577552
526581
579944
925684
898388
783852
932976
759905
753977
860382
947852
659025
630201
683270
516024
918799
954742
788270
829513
582431
592474
843176
839868
723230
530334
696216
883593
536142
743240
604690
806361
823339
532881
990837
948421
705434
916763
575269
690844
776292
732952
807737
630438
940182
616581
915425
745334
687433
855526
789924
755331
914253
534022
542484
671374
526471
952135
551753
872044
916005
673044
534933
524441
672729
777181
555626
823767
793321
789780
619051
835630
742346
615216
626390
520935
700698
952334
929065
997997
933503
877624
568109
884551
673314
847079
902276
943900
621322
572100
976158
768538
777899
802405
500343
953557
937575
833911
797160
585938
524395
954191
833409
576535
956248
517210
719948
811956
923552
565563
539297
684846
559670
942586
878337
701106
507487
862918
755016
926928
547197
576586
961568
687109
946578
801801
881490
850339
885518
608960
722524
770038
881888
508612
569185
633477
682808
521633
629793
691178
755885
899127
625624
776694
895972
995919
803376
924034
604315
846641
690482
551455
942198
548958
645978
748330
801829
716636
748892
884442
570511
585694
901136
686051
916649
751487
519666
623798
920855
503561
956666
801789
700526
591336
901986
541720
556580
876187
716098
541382
701237
575839
806433
661036
763801
996434
636302
685436
588661
803640
607658
782984
898639
681239
847790
968993
965819
515781
643592
931345
800282
621871
772781
545856
855965
576440
951678
884777
807487
868811
754923
757728
517179
586782
827157
587536
622950
582334
636584
959021
688781
856663
612133
956871
843902
933877
751032
710621
695070
588616
818572
540536
698890
829449
833589
511678
646392
517844
880681
910000
568807
527384
632694
661595
588191
895426
803802
657712
895013
801159
700934
792922
955010
939373
886319
942804
720537
502478
562545
857282
554223
871771
752709
644814
663335
964869
624014
978635
941466
942309
897377
987789
740120
909116
975591
709839
652529
576157
695535
576181
838201
954716
772510
544953
812621
957848
578406
736966
816562
956364
964858
520604
914989
672382
688626
510744
796079
778386
543745
577868
963706
662113
776176
972491
686234
993863
871453
552233
547419
754431
701637
764766
582163
968645
992977
771436
919082
831408
553756
933976
888858
941893
626704
751286
807477
800378
876995
792733
662537
708843
502382
805441
759377
820148
687439
890735
686947
857324
783003
613446
644590
903707
606373
729645
830373
826463
968987
846742
967067
654665
942278
518520
961185
833464
910354
718774
695173
816230
517286
601528
895501
621644
916238
833999
945092
982204
631037
779719
784975
804380
848843
670456
821563
604135
810248
826641
951149
539738
639809
676324
718242
845545
819553
626023
905856
751654
977059
953432
829641
958066
935245
630003
573456
757158
657392
906609
919887
908656
902486
704146
943833
552404
890744
746019
779023
554848
890889
933225
948453
940362
875171
678119
503445
755431
567173
716166
888879
789133
681284
871942
775842
883829
805113
814711
658841
504783
976336
681568
597486
820884
571468
664276
726277
989862
703694
511689
816210
519084
946907
977154
698586
654349
775205
861376
810141
859319
961886
620760
513328
500893
592485
820720
909686
501164
653174
621427
510148
848531
648759
575849
661244
895666
820941
812660
617241
542550
606468
638593
578843
728181
584427
987796
955510
672106
572515
740319
539838
532511
782690
987459
892083
527529
531206
742786
905296
658769
849253
924297
628732
786671
908123
748714
660339
894726
547814
501992
886417
701443
983073
683845
727012
657831
787764
746657
543165
512402
966337
666033
779853
905685
558286
587268
795366
797644
788202
849914
610480
605227
583242
560029
790137
864146
987399
808411
570565
602083
846817
545430
994109
836120
585155
695928
994128
859791
748134
981745
686615
703914
515939
623691
761631
601251
943949
573157
623334
806977
768887
724535
700311
598917
625909
777318
592952
545155
959389
997665
547155
821871
562775
786340
696377
800622
649914
572058
865369
584885
814890
949166
674814
633186
792095
504999
979903
961328
623791
984081
947316
809876
590295
806698
598181
974173
580277
892517
870860
585866
692928
619765
929409
544923
711239
777451
572277
528544
722054
893289
776591
987739
985555
973519
688751
669910
920485
569635
660677
920059
976940
811389
662933
628390
720845
980340
628008
766214
950035
622637
996774
713674
581675
966213
699806
991631
911386
689082
849698
695307
714062
625961
874352
616834
950988
816322
580473
812443
520757
909796
788980
695689
742711
589048
962726
961071
930977
834689
502471
701041
663643
587680
567695
549574
629783
804526
680131
512107
630512
762931
772289
722980
580873
707896
986462
515459
563693
652443
864682
594373
611386
757970
716903
648925
961535
561889
522319
519296
943403
852119
914503
698818
738661
726232
650036
591507
814356
942346
585057
743254
806962
597206
538033
836612
774918
954111
924401
892535
962277
701431
964667
754461
609414
733502
652043
814774
763062
880278
659044
705432
950487
789628
652352
545818
614132
902137
585545
709253
971597
921050
500009
849729
825252
500869
929158
675717
567573
902657
990912
658322
648757
836878
