344
815
608
180
976
449
334
502
629
697
653
326
335
666
226
500
969
119
793
386
504
567
994
301
149
536
837
293
629
6
747
233
782
537
724
557
577
836
173
382
199
159
964
168
759
257
895
441
198
802
96
522
804
16
341
424
117
112
973
290
489
351
707
980
729
882
428
184
779
619
581
823
415
950
354
728
748
338
899
721
793
310
637
411
663
196
889
913
908
133
562
209
187
254
862
212
488
744
337
488
517
887
684
717
222
671
725
729
744
26
598
902
627
248
63
927
233
504
165
229
137
362
101
277
409
296
18
404
2
149
818
138
169
918
101
462
990
859
243
28
704
631
741
139
514
452
265
479
250
813
256
679
196
292
550
799
301
837
650
121
954
360
439
866
82
830
413
263
298
62
68
894
994
2
228
168
528
948
742
574
633
642
511
438
349
667
540
640
592
498
515
218
404
963
99
635
502
130
640
238
25
199
222
441
370
541
593
443
435
83
19
289
671
691
230
288
745
612
638
581
656
442
429
463
237
434
674
210
332
62
588
969
413
672
657
403
82
720
585
881
353
531
618
608
866
934
488
435
433
760
574
540
636
490
247
348
654
712
889
953
1
26
627
474
353
993
32
263
758
713
123
77
677
229
414
791
767
731
13
854
869
174
661
550
546
72
856
445
398
279
638
941
153
358
457
641
779
339
407
430
675
61
664
235
104
338
593
668
227
994
697
156
45
489
906
800
616
415
456
769
347
719
270
643
649
54
239
499
231
504
723
896
150
740
64
964
865
386
611
131
265
880
894
753
52
