267
650
553
216
71
905
975
647
270
498
970
541
540
265
371
427
427
871
207
930
299
340
15
115
832
294
651
360
927
992
830
179
170
461
550
569
707
501
866
481
944
739
378
433
234
245
494
35
983
425
860
57
964
368
300
155
907
661
539
975
630
160
770
318
201
749
154
183
464
592
554
503
985
568
80
933
669
313
354
411
412
907
901
101
680
169
451
787
802
754
285
934
803
140
722
111
929
744
842
992
132
993
243
209
829
865
165
590
335
252
864
516
790
178
1000
807
340
298
253
833
969
116
863
188
349
691
430
50
990
66
904
216
230
509
559
277
705
535
889
473
211
128
546
108
502
553
916
863
63
135
367
986
969
657
607
458
452
748
417
821
679
129
685
181
959
878
707
64
578
100
704
303
215
380
866
285
866
348
461
302
978
648
10
503
42
98
850
947
286
20
39
29
153
674
437
509
627
602
568
603
78
479
577
685
841
41
938
808
441
902
16
651
858
368
643
622
762
246
789
286
737
5
978
369
725
934
680
857
384
856
231
429
980
805
771
377
844
338
588
873
459
375
149
700
570
289
816
708
941
841
371
985
379
11
179
232
414
147
102
73
917
1
318
268
968
171
715
773
