9564
546530
724457
683855
920793
698943
951547
538693
903233
553620
587386
686435
768912
662596
807126
771720
598128
918700
808472
594376
811938
730662
853602
976139
624403
652174
714538
945991
817385
794656
931137
845975
836348
583744
781043
529261
624266
500943
540940
630489
673709
709392
859261
760374
954302
543589
795753
511676
885350
543397
566676
740551
524637
968728
961418
619103
838252
950897
736514
522647
691302
793950
996680
871912
959194
619626
876643
533720
567657
626066
733023
769340
619407
711194
732081
754410
802225
981962
795855
978600
908830
717378
837416
603457
675883
685369
753327
740734
632080
956056
611406
817308
753370
797710
964756
746535
901610
536067
931395
727385
585607
851453
770071
768942
737897
841567
567588
629993
759950
953968
626128
675162
884250
785728
721402
709449
850357
927974
754305
517610
898102
648717
749197
821916
834201
841035
784552
939354
948345
666526
535132
585700
910512
785665
936727
568917
881363
907159
647855
712145
748851
940083
960715
977900
717676
720401
925125
904710
933038
947531
827777
661112
832738
938338
512839
914647
823793
986334
746928
776738
900646
893213
894656
603481
899440
589160
625929
760047
550073
542819
615123
873405
747868
734029
793960
679992
866063
556923
711386
806881
747053
989855
569159
687559
988440
959660
661161
525159
557222
712248
665071
788453
752251
999754
903523
849768
986249
543493
637136
755953
940123
690119
625643
974068
826194
511076
608126
688021
732398
830284
520484
576663
567742
824633
636227
858960
656677
654561
647854
646325
590362
545268
615920
723724
888384
532496
671868
682608
521387
584217
791031
524319
823038
850210
655862
827821
901025
863353
675787
764161
900038
975721
922396
978807
769365
695936
652641
854290
718182
680624
943429
842212
556362
833587
568303
878150
811494
789801
753667
776232
791676
797532
787793
909299
507083
951516
665198
963113
961190
629077
760910
973292
839240
563366
546468
960430
757002
874541
712047
583016
783864
554347
648877
686190
942480
621998
773819
514457
532885
588873
577048
545986
730840
558399
819847
727281
822413
695897
510758
978117
971481
682859
633413
790726
859702
946078
993793
668364
581182
773492
888861
840176
721446
967278
652403
502458
685843
973076
743778
911582
962469
813443
834921
904593
675284
731289
675933
732159
854171
877820
915665
766314
545699
695221
536268
539349
913404
978711
589737
508735
633570
553338
747456
660641
658149
508325
518081
778622
941219
644953
957499
952887
955550
608592
986739
597244
523497
961188
545418
934665
719675
725511
971730
751784
558057
975842
971475
759859
649603
910208
654624
792746
606121
677562
695460
906409
510570
867478
804808
996033
743197
887208
524709
588788
944622
547406
716255
977133
681304
728408
941269
706488
766727
626971
659625
996474
951592
569253
596362
632920
833601
769745
601351
666700
964986
953507
508631
638113
636164
667814
715693
679956
619706
719793
716735
940019
598239
880373
828368
543016
592129
914356
694435
652309
680975
582100
972323
708912
846676
515726
516942
913217
596393
576137
670174
702751
759474
925751
584879
751905
927587
923137
812067
942601
635266
728641
741915
793748
633557
661226
941425
751400
500818
809983
729008
866979
628836
942312
824745
894068
785673
961583
941606
904449
514279
553911
911281
712075
975685
833283
855319
540579
724638
795101
964165
878926
801102
598573
775409
596193
686862
544241
845307
537844
767995
823502
927169
876836
750073
554448
927490
794815
894353
692873
583195
609158
576357
874619
736183
939767
684588
543432
665627
838674
897846
983225
934515
842497
504498
879257
591227
872692
964011
978381
838914
792465
560285
856005
679850
513045
537695
990140
741532
998232
705024
511516
945632
960287
679049
850351
867385
711230
611300
834801
705581
616481
841159
504057
586249
714196
893173
929545
523298
695121
538327
576168
722780
837223
994199
857816
652258
963657
714299
692907
769381
999829
981338
542805
902278
918611
804525
612489
621712
932905
869890
856831
954862
764187
709985
855751
767583
747735
561202
800049
809528
932516
868396
997705
577156
699985
860734
788790
933668
784037
774677
790700
853167
720242
764078
641819
899167
504552
531509
667333
808288
576800
965874
985121
700846
621903
544689
717954
797685
664546
832110
694445
824625
590329
785353
997375
610566
653545
746700
900988
793954
889095
829618
551413
936281
732973
913960
630571
664560
560125
504213
839674
571535
541575
824125
648708
829061
929529
860574
858955
619765
537674
637282
690141
657754
516095
812093
674347
556407
919429
654805
966339
779030
724851
937099
899527
865555
600724
781188
985102
659355
859237
500383
860042
822015
738525
588919
763501
974409
747435
995588
689513
862883
504521
677974
527508
950717
931583
930882
595481
758286
628433
550267
587940
601511
535709
844935
778561
702438
940343
615884
634593
792255
549036
819179
604337
518177
534412
539307
690883
703814
522761
641986
621444
690354
656169
844867
896534
703840
948991
865509
501005
679999
544711
900085
556540
825926
823044
723163
692550
868108
866845
910649
698969
570659
767167
848020
901040
513722
963921
895107
997574
624833
971112
710746
524347
639512
610926
731399
946262
660105
826911
776972
669917
570606
591907
815849
958388
976805
771736
709299
596681
976629
519907
666864
678130
715807
610413
902660
799231
703285
830231
678140
893343
726865
588523
722725
691128
587298
840680
969982
757666
723588
747801
705387
819044
657871
770721
913349
580814
527754
676635
989152
521021
956461
628312
549627
865849
889699
973450
776708
855630
964592
940694
817794
842379
545562
670375
980894
783748
908109
586086
722546
663073
772484
951111
658408
914041
609757
855040
917240
906585
624886
769903
512676
511842
593523
522682
529581
871181
744677
724756
991082
599702
604889
953349
531325
763283
929523
987610
517999
932021
574904
741040
875945
928046
767909
787658
553911
738570
943953
746857
801741
966595
918917
547024
767734
876029
972726
807084
514516
734793
970512
772262
563569
941603
888576
860425
769289
744598
952634
647653
994126
806272
847990
779173
725660
649178
888073
707513
500340
677282
814129
715902
629622
834861
519190
664227
855891
772640
826010
936164
739860
772199
947236
551803
504371
670641
878329
715764
736988
742634
963663
921184
775821
540708
611389
926015
707630
689645
541697
683106
650181
622478
788325
944306
846453
613291
911483
693552
963450
610062
983328
921715
561793
877497
938061
905816
854445
551013
609116
969629
769517
583152
799747
959628
948858
856279
963919
890228
804622
555267
554922
697311
515874
758095
933460
931864
776367
809433
638651
926603
727107
739744
522810
877181
798768
879740
646795
987250
659857
928956
746108
685683
703089
981711
541884
605608
680252
800768
817511
675832
806722
674898
502193
510803
764502
819000
965025
991213
549628
876704
867469
919222
803651
676419
629824
870517
767449
827384
688481
954585
724986
935717
937785
970862
525369
581820
688754
543470
923432
698785
535133
933537
529171
807230
540139
924124
788030
624366
661274
805469
878924
982536
790656
803084
797287
618489
996343
845062
791054
951134
789122
926355
722337
567627
994705
617488
824489
671473
513644
670614
724049
766176
516307
823961
593579
730276
676967
545239
771427
819350
929464
932074
902942
998133
574167
622319
714896
542605
925015
887848
533769
559001
877941
757554
876207
549471
830459
512086
520266
556509
716411
657597
813548
700338
533709
818801
623756
669996
648547
775757
521517
696627
916864
743617
755474
908179
863965
729488
790896
773577
943558
612614
943569
884957
606521
817462
562978
741897
539870
527367
915931
760638
685037
505522
761993
538735
881326
743894
851379
528535
627516
802562
877920
631444
514313
981865
980244
726421
648415
661937
826226
627495
727088
962217
772433
722015
717081
685402
610652
594480
861671
584827
716786
996042
710951
855578
924243
508341
929347
729390
988580
514890
985709
554904
815907
765352
611894
783414
650279
505898
519734
898084
948986
855600
827385
827968
860981
888594
801543
831370
526224
846085
986809
842942
883163
917988
537058
958697
872196
541935
713904
901082
974474
991943
559960
968208
999951
990932
811496
690280
991642
763337
825749
564272
557381
781288
519353
578832
778804
952078
877679
544264
582817
618661
715125
530006
993426
874994
592534
680234
906686
982424
954825
632868
797606
534204
755907
627868
760997
939309
822614
914629
703170
773041
855843
614927
866188
892524
504159
547393
925501
555305
662763
821780
769666
715042
737819
760186
752695
871568
758244
649913
919536
897362
699645
794292
620412
642666
898737
674939
679831
828200
744638
592200
706790
917993
777438
719232
864092
852642
632803
718054
828566
688142
741693
738227
795954
630528
739259
668638
518515
807308
625369
533542
661010
825247
582064
622611
795485
757882
529975
876458
619115
650412
696289
763078
673862
677303
526177
901903
516750
638247
602586
841731
889244
660139
794641
755100
822515
560614
709294
744385
778420
883403
924877
538801
784643
866013
557992
658924
606265
659721
669425
939285
667870
502420
557867
541121
882556
980723
583262
675952
867696
809351
745472
573295
963376
791893
732021
622971
954280
962301
709280
900244
813778
576926
957370
572390
733076
679821
971479
939292
660401
720568
927180
576826
822825
797416
774094
513639
674951
799052
961670
750003
896652
612224
955391
684469
721847
911844
503998
839190
615486
994408
642830
922075
710063
615632
609106
899628
554046
907847
902623
971056
706291
647828
780742
940401
690551
686508
539027
743036
740665
820316
876095
524799
879676
728147
624843
832694
670957
960118
772111
991468
985666
903858
802704
552721
887526
509492
566916
897816
701043
660526
511540
782274
603701
679582
579776
699574
733529
625439
776248
938688
947632
562592
874706
606751
964746
628996
794171
884527
788753
624326
734812
800092
588717
871305
688855
827096
841509
717327
541000
877076
763311
750481
614904
617498
690093
686166
962289
787984
727509
862872
702052
578389
700190
549340
815274
691407
689180
848501
979587
660593
703851
989099
674624
905027
669396
690553
856729
815914
826833
524877
835712
702734
776838
705579
887913
635653
607635
664451
846608
536424
827769
729756
621958
907139
591973
527842
606491
632475
682484
728030
842632
874148
683045
883107
860037
573065
589643
679067
995235
886488
851655
840075
882848
523196
649307
923748
770111
941470
754396
761572
611160
674548
733880
884853
807888
840767
664187
603953
741403
794365
663105
597512
888896
927123
800170
941376
619229
994696
777716
586504
635006
886516
774773
520187
791602
700941
799475
626384
845555
880588
505909
547279
992232
888995
727201
738325
684892
913670
740939
669889
531857
984579
720403
808450
990015
542531
660223
932518
990447
781036
858938
990355
811490
959255
665710
651800
619874
832289
730492
804790
676252
870576
977446
610474
926260
581537
629296
928789
766585
924188
711576
593037
595533
541483
772296
618460
914211
618412
550030
899719
593181
984346
892995
911866
955293
669594
836510
751499
598918
653661
748826
781275
546748
924358
532213
810315
971957
549586
508610
716308
775478
627703
955193
759320
604593
835516
840831
809894
845316
609271
529051
828012
935723
535587
584395
514874
522271
748887
545241
721431
787880
997641
881244
775907
971528
638297
540772
777659
719313
611446
675421
917183
871734
507143
513242
533332
997911
618238
996464
767948
847048
785556
771701
703489
525053
922009
982472
563001
809522
644379
641342
990071
731629
543084
679285
899392
662333
744686
603569
756923
999199
788211
741583
785755
509809
525975
620170
845029
916953
675715
768744
519517
889185
721643
848686
878881
906536
753776
811552
550914
858911
683151
529627
985611
867995
943259
813503
586877
947248
816520
941349
668197
889724
930126
535543
549538
835333
958209
979238
894877
702002
882400
989702
644314
595315
751192
682563
912490
728169
553285
500594
854274
558973
827456
957471
691963
962905
591337
846066
563260
820160
842831
785889
987322
547090
868339
536123
995434
739286
883817
589534
753218
969808
813359
737459
893494
856783
937315
606116
699721
588521
887115
927790
755344
739059
806648
914306
757377
982924
990962
807892
878743
640559
966234
561141
878352
946731
619427
514324
701833
686759
507761
665519
772642
743615
621453
516562
891342
803317
931656
962957
842750
987151
920280
962314
886435
670270
733315
502338
908206
820934
889887
934885
527736
783563
824852
934483
642640
876284
784739
825453
940957
592429
548677
926368
932509
745471
818629
820835
595166
796883
608023
686034
609367
591008
943909
747248
919067
841655
785775
543116
692144
894151
732577
909674
833388
848660
536558
970525
852051
561767
732398
763122
599465
957555
969807
883190
848235
755654
781987
578032
628806
588355
522146
772918
706983
584674
773918
878121
734755
738089
539510
762521
644003
943465
584625
799731
897154
968464
822598
612357
527876
512757
574227
745382
661678
640719
924340
530605
862608
815350
979577
515559
850748
530877
604035
647862
791041
691771
881800
860364
679738
941561
879419
939355
923352
927795
706874
593288
935420
870794
753148
819655
858494
827475
510406
633733
824220
978653
920182
777292
587101
778413
806737
873735
642801
730272
589234
882748
662648
654427
926427
520711
803762
727218
736095
715231
727777
542911
716315
979503
675731
813925
522668
667178
990772
849750
508339
918923
678813
685516
682221
830405
633327
993420
751450
567450
648999
818235
850327
596951
770905
865913
837158
720625
542442
815994
785848
873034
501495
543774
808096
656602
817319
924907
720737
653658
613575
595774
829065
897256
949908
547253
673053
638794
644010
525503
716717
665578
879493
737769
661623
852341
708225
829793
961057
862442
899599
960198
805201
643580
736506
694610
683718
560942
550081
605146
891885
646903
861829
881582
713829
722417
663491
504703
680001
631985
779756
961743
887617
861432
906167
871592
515723
828307
962808
979045
570596
566753
935027
696042
786748
913977
747604
507704
538569
512446
654304
616632
614940
901594
810918
508564
592918
756159
616645
964994
940914
552615
834609
694100
799916
939411
932108
898459
878763
786903
777049
882709
558167
865308
712866
627118
695143
852404
696154
652696
612492
968142
609775
645302
709084
576541
597280
584515
501802
613245
981022
868357
892904
980360
671739
616669
810797
999929
596209
575855
865959
910052
542358
643070
608797
767661
642988
859593
919453
853514
980653
987928
944259
997650
776642
657234
790562
897461
874172
549327
712613
921463
634210
644046
961673
884860
791945
801040
509810
860938
711059
671251
754845
954237
971292
852180
896210
531834
722218
527151
962053
643945
552694
673010
768182
925110
957198
887253
737049
838628
805050
690418
795161
719750
822143
661275
769627
868188
933563
781372
806316
815346
880250
992498
732645
771668
860350
656236
843500
915614
575679
763771
912510
599492
873887
708021
638875
570248
538244
855942
510874
798653
559751
858127
515139
840582
849802
926071
803402
995162
842397
744169
981769
637365
598601
815614
783118
923338
718812
927336
613657
757453
737372
917199
587124
605139
941655
651084
754223
876602
650011
892606
643189
887133
933784
853027
576520
688449
581456
832407
587872
793018
662884
743644
645804
691989
975073
932816
917077
882563
565527
914531
698953
982076
918195
872346
887302
835697
750635
543392
598888
512830
923042
784645
764747
837185
979530
699969
916198
796857
718055
952658
616125
520987
746512
946572
726746
870668
696391
654382
930733
708831
774742
547536
544952
620620
683848
894248
690747
765034
767432
949491
583363
801718
830965
676877
535344
755293
856372
707011
517041
608773
847949
870779
957094
512905
920271
765501
686751
983267
851358
936849
763107
615473
690353
859920
655520
676035
928991
926317
573686
501125
523580
978058
573713
587021
582657
790500
923843
578887
980120
679024
875226
748633
669017
525682
816929
612309
729419
912504
542984
581195
830929
631002
722033
679083
818394
807929
507652
845949
755094
535934
975568
708016
570434
577042
798362
739562
708526
962241
857907
956372
945901
790380
777852
665264
783809
519969
873151
835430
700428
711488
940150
917522
728367
824255
706057
594665
870895
897940
550543
820939
991749
805520
704537
514862
703290
972943
738191
693332
924500
622346
994547
867419
904677
700771
747625
879954
593658
654040
842215
749830
702484
858776
691048
672950
678637
988164
664286
625397
851523
817279
849275
521852
763753
876503
876168
550524
968398
655980
575856
886909
573159
745659
902543
645647
624756
627115
946846
527131
903154
501425
870390
760423
868240
541296
897619
802442
974286
747624
829316
650518
523231
953045
561588
525718
838887
787702
808746
991238
757768
869995
940899
764902
558470
607163
922871
564050
588345
793771
911494
957073
687885
848848
675910
798302
858418
692167
792158
737257
595388
830671
843331
563736
514461
836293
753943
676639
566948
752187
947198
749872
685520
684769
539593
510787
814477
741952
748016
692855
585767
836545
569303
937706
918534
650639
511484
983965
507869
661581
961921
618827
528868
704656
666156
870868
823946
822123
923073
564852
528390
661861
593311
953877
713265
602192
587379
582560
628206
690577
921816
533478
706776
542380
989972
600500
778149
674161
506492
698798
661661
966501
903335
505672
853588
518834
702712
819131
869625
662310
865165
768993
571568
973750
866236
815394
914645
628317
811386
576672
754880
902476
718610
649557
605417
542896
731529
996176
728179
688466
637198
812081
529021
758098
536377
831578
820019
792737
776293
814846
895608
959703
586145
505919
621795
806801
847011
864122
637128
786730
663125
578381
805144
800275
615721
806201
553692
713585
959354
955238
884948
795474
977454
679925
775676
637706
513794
592954
536749
855019
951374
940508
832829
585053
521296
930583
969023
572093
917249
899602
626844
727916
522083
605379
520776
737808
571232
831844
547411
994110
728080
801323
667781
770982
745788
785981
966043
658651
609849
741744
634389
500467
654565
538047
605865
683459
750331
600108
583451
542053
551179
501342
926268
629461
689135
888982
833417
781015
685521
940072
725576
586433
950873
999567
806118
933546
511433
500768
808576
666500
956573
613282
861896
695659
694186
911119
702839
829669
702466
999756
875329
987846
608092
704778
544068
517977
649237
877030
948442
712947
998437
616362
850487
728633
504476
921864
845540
888888
757526
738248
935129
846119
526261
769284
871432
506481
751457
715573
711294
987175
774685
566231
932718
888761
609458
917904
726355
867878
515589
546357
903296
639460
861780
923075
765862
660755
544387
578140
572908
527822
653073
746786
713831
549256
562604
643892
893074
830246
654748
651701
720372
668238
502055
697439
500064
587443
670473
955677
660663
832587
556577
538359
807166
782604
988425
559144
692177
796306
531377
545919
906275
891988
760748
808355
922829
930767
587919
766893
521545
653068
512710
585845
912220
760449
924920
988151
783080
919249
657756
626060
791782
758190
569487
554881
847240
802122
894313
629404
575219
919969
877378
692560
558166
732895
751580
906057
963224
787858
513147
540649
594386
898395
583764
763642
908139
862137
638001
914555
926529
675381
628232
527136
512432
631336
833495
779322
599091
548956
768477
968421
725041
797717
987745
873112
743745
639978
795755
677488
649195
594268
797688
569447
794332
695807
836301
876823
887399
867247
972907
865613
601433
562101
588891
794189
714263
830856
908501
568356
829907
867087
852414
731457
518653
903334
826638
955876
744119
502868
918872
871105
749775
940985
606040
952332
697243
533733
859651
809241
689675
662034
793359
905050
851963
624075
851374
826640
511925
801160
570367
845869
615066
849877
527473
528045
983232
551195
509700
752383
940660
803901
942833
788250
973671
577102
598506
749085
503608
881126
865115
723733
686273
787481
700616
638041
914352
544421
850870
806373
740369
929335
759833
698373
526546
913655
859911
635209
614597
903245
890626
707566
511386
998068
810025
650376
695816
538405
944937
665885
764997
866344
800979
968287
986306
748733
521149
712008
872308
617241
891651
691336
687221
501368
612473
589645
630654
704542
978207
956451
694700
741846
759526
510735
655835
675460
652912
735833
835348
692785
539165
821100
610703
599651
852126
825776
705468
923889
943748
981455
761950
703537
511932
729209
793084
965488
740630
986097
925774
757254
605548
870383
613732
993459
679497
839915
850644
534856
938083
829895
821784
841720
752894
951026
962885
754068
969309
873298
670496
572213
924796
944088
886495
750292
598472
530046
610561
558805
659940
996526
618216
723107
809216
825506
990790
596864
790526
842207
549360
649176
699760
970746
766498
772377
888546
615735
733707
747093
602528
686321
516816
540455
708401
667940
613811
646032
625064
508359
586796
730558
673376
538835
804480
972345
701900
769661
618582
750196
631921
809027
589956
718588
817472
775708
814683
849153
592552
811151
799151
776462
978352
658753
628017
621269
940516
723879
717265
955390
662684
685529
850734
545096
944701
552659
993196
540712
835717
505824
895069
705179
793910
966877
796688
503777
608668
609308
581160
586119
978570
639868
741386
899367
955288
971632
655678
995987
502786
612937
506706
841388
817457
783040
742107
904678
700819
846921
964777
690291
809993
709537
959916
610815
933752
589994
571825
885652
939231
829624
546140
651552
892739
630689
643035
923912
861911
695455
637342
865744
713322
975970
968711
745644
508941
793436
834401
925482
946987
952978
817923
785349
796079
859689
793116
655578
807204
930490
577490
709671
912416
972470
649953
898782
619718
772254
578507
622790
502526
542554
764271
818973
930366
829587
537002
713355
868849
684979
727067
922339
696512
524119
861782
626706
660976
878810
959339
537979
991904
813845
625436
992688
970741
679989
645696
782575
597908
819972
756310
725215
714712
751113
851646
659140
735622
775762
553020
895886
941232
908287
528936
766928
757670
845703
555820
945728
772845
922723
706021
968050
593738
945920
599015
623292
972765
941237
680953
842134
915056
922666
970580
555811
869732
833303
865889
968532
770250
641144
874487
546783
835712
584660
899713
520397
859286
824068
651584
528511
798854
642970
982708
723077
526231
766883
641077
982243
508523
635593
873455
906924
904307
770521
806956
611544
806102
562404
518995
796267
704800
782154
602916
905252
669951
956645
621121
872700
556580
686332
942946
841344
510411
561898
678168
767309
613908
846709
991682
699536
890215
940019
962924
992205
855328
822325
717354
839743
586809
885342
932935
542198
616114
774104
642086
815257
951552
738614
753763
920193
677638
752684
866818
564225
736569
698118
573121
962286
924357
964724
980732
979968
503328
778522
591964
571085
519434
687260
850074
559311
651259
709982
804910
827362
588116
616951
727453
718839
672280
795439
681916
765622
651813
668927
769514
772991
913434
863790
647883
679024
744825
607741
694340
630242
573647
637698
569316
628971
799720
783390
754781
923865
547387
898477
511746
968743
631889
857151
928793
714647
916792
505891
855689
736768
618433
749288
792584
960392
853845
520733
767532
891222
999089
873069
719105
663516
686784
749501
939117
553984
850827
894599
613310
930289
574911
964375
681551
862081
770281
571300
942461
876269
657225
605104
975876
927226
939077
782006
661859
622383
883058
764336
571746
733182
588220
608144
786279
659571
694302
705863
937488
785351
844713
803221
995677
779549
864850
665388
864168
601015
640169
682558
864254
649946
611620
776687
583618
527727
514105
554046
678587
865677
956306
892990
808040
915529
908184
638891
505660
960416
896952
828570
563408
710195
827032
958717
709884
507944
518420
719707
564895
586282
905125
577929
501410
501758
986412
649529
835543
500131
671091
710574
960335
549174
905422
816930
520409
633679
513394
725065
751300
867605
557140
746857
672641
798409
626300
522726
859572
908006
584626
876689
797705
967998
964104
622196
773076
868087
547698
967067
623353
654561
668328
999343
767572
549313
857277
650975
678675
668755
852512
852090
880882
891030
641260
864698
939344
541884
573960
979486
803103
538223
946085
600572
773980
809414
615037
876957
765899
570862
529359
626102
833790
885816
656419
574974
726164
646396
771312
806694
855152
738661
862622
938641
967272
915108
892101
975516
878418
711142
502511
841725
671552
904857
620482
847294
901827
775672
824969
862071
701789
780802
660498
958591
583883
851432
771917
905906
994427
585112
680105
660048
630754
907047
666950
719853
620344
752107
654196
589033
943374
721660
516245
756374
508311
842157
750364
525154
786337
659418
577530
666519
997865
661547
938656
706810
778827
825675
921665
742207
763394
788921
641679
879295
544949
533462
735166
584973
710574
509664
982568
603417
716497
587635
981389
907718
873202
712751
920288
751242
952814
541115
817089
605395
722252
560581
795312
810988
611007
976578
994338
818621
563343
706570
652293
742726
684516
676338
907545
739548
795243
646108
936538
649048
874753
858598
678147
974771
674723
585473
550911
636241
920403
683116
827492
895642
553687
935798
587803
758106
588569
852185
677540
538971
743199
559086
784327
876533
602122
739778
623692
561867
607041
510134
533273
522357
650975
992116
615444
741502
597634
796316
782757
684115
995129
645009
620716
877042
974050
711362
977303
914441
971761
618551
517495
887162
738051
609160
725607
509615
963493
812975
600818
935893
571851
726740
782589
663232
709828
717862
983683
832524
627673
805775
884555
993894
887891
664650
525052
675875
825436
658514
872785
749187
574513
913396
574325
800935
892596
763601
823613
701899
866468
882004
631228
900224
584344
589524
552264
541054
592142
965293
848655
957839
541382
795972
811784
507933
783482
671368
767755
708940
710285
992469
621709
756488
809524
725056
857851
532855
648417
534191
504308
994076
957675
703651
766416
920634
573157
662601
699352
769785
596902
505384
585195
708462
717946
771410
632731
754484
844984
772794
535728
762646
698371
858078
705345
930198
945287
717020
961685
520173
760646
560470
890536
870683
711470
644031
951151
673147
725701
958092
711878
842645
707294
628673
857399
951948
669062
710937
612511
743302
855627
816881
946307
818306
970099
714415
723435
777393
882261
557879
780049
687924
657636
652324
694440
963529
655081
889698
854332
537195
889157
739735
682758
658276
979458
995738
984554
925044
975893
595975
768296
730534
754791
531442
851968
570129
956682
502011
787915
710818
802057
506453
604640
581510
756547
788128
508473
990731
780849
701619
801980
738923
602799
881479
786467
809394
551410
615460
711080
651339
867207
975132
923379
980268
526211
857209
654689
884142
811307
802664
669956
623887
625915
612129
543611
519285
658649
818077
554851
700059
745499
689008
575103
938902
793371
542780
632378
555132
670715
702292
584831
534594
549310
591441
749568
742355
747754
658532
780170
690790
638743
837058
826608
649138
845558
944938
820865
998364
780845
540978
669638
509232
824846
818246
521355
606818
739063
665517
527110
912462
860722
920605
609131
529138
940559
501010
863716
900678
799548
779420
899193
911772
784172
915479
897186
764253
972521
933009
979961
952514
864139
665983
823156
771454
849309
792131
686711
817403
844920
560600
537377
647583
859282
566717
706277
528556
799522
910996
607477
921707
855629
964396
924624
737053
779953
795607
670148
753674
534430
511012
883895
657751
854311
928834
843023
897861
934819
955839
998988
819272
872045
575121
663818
548564
947783
755397
826352
596319
720138
960566
921178
569498
882499
553765
507033
886394
827083
804151
511098
896891
614357
583814
897765
904103
957120
848932
927781
790740
647396
946189
813561
756418
651142
512340
662339
928942
537577
586052
654362
845849
526439
720620
540774
604935
930844
659467
995673
856817
530865
768678
612238
643181
952512
535618
590544
612820
740439
690603
666165
864243
739291
539760
915620
620893
683126
916364
533075
568138
583464
670286
766768
885333
899149
500868
922086
742300
933624
851607
962278
588818
674424
768960
727006
914031
526969
722009
525602
562330
744809
594750
656200
678277
873458
609028
934654
859169
891760
584599
829173
687916
575659
998935
714890
598584
790643
936559
785178
942979
898482
617931
504743
733160
734628
954306
799181
907522
615699
911996
670312
784968
587058
566076
718342
888777
919256
573546
769301
624685
917015
842914
885176
649373
550668
967077
628529
881700
741828
794929
947325
604985
685758
762973
713202
871106
501746
626124
814223
540992
891044
526337
828159
500488
837770
884950
802179
802341
552990
580258
842622
978724
918690
922151
773415
501404
664841
637554
864184
859621
942645
656282
889624
803576
580814
574057
765956
766458
939265
662905
605734
500192
902565
626449
928024
607757
608452
734832
582325
876209
836767
920371
991629
831544
614263
705836
534173
683859
759527
787476
558255
970955
531165
780867
522363
866242
829527
965199
813217
791438
550816
624733
868476
922807
719918
644433
789914
835864
655651
683764
608323
729658
893180
508967
856219
998444
523363
715253
954947
617942
550780
506871
904013
544237
878341
759731
672079
636297
678665
981058
592683
785984
991705
979592
501211
699147
850033
730840
705169
572123
895564
748963
932143
770544
584982
846671
787582
798705
936919
552171
979690
690060
894381
818323
958065
667855
804847
765506
615887
523859
653341
859901
913921
577521
687160
921182
581970
820506
800226
976111
980260
751843
824502
832526
804493
728356
838705
890480
817549
945173
719462
661383
696906
907948
592352
561896
681350
748500
562864
934478
818595
555279
545143
669777
723551
963115
672850
714924
605511
854838
890147
754742
530844
726130
832951
862309
677043
559143
768164
625380
941213
740185
891711
729288
769690
964614
536960
695221
523616
770806
727921
877379
625748
791670
619632
971135
720661
992457
904507
837224
970844
876008
639178
982201
732244
874634
909507
560569
877768
967669
865481
941903
664771
640766
534141
518614
900776
943409
747327
757833
857873
584653
615569
695926
883003
642486
977997
806173
756732
754070
992186
657355
730316
756234
579665
606619
659914
570755
934221
645294
896859
980660
826238
719818
539804
644742
506783
591521
939434
634545
777373
768401
956319
702056
912287
756375
911491
583846
597840
570006
988016
820539
582399
910491
572605
753696
839625
953930
684426
888456
782227
898618
547969
811097
793999
699569
861538
639385
604386
868832
948014
555824
551167
770487
592598
727479
971461
802230
806001
644627
886427
893875
528973
921868
977229
705939
738975
868573
704703
797260
533165
726923
569951
697073
980736
803669
961223
621077
942362
701201
688316
610377
934618
590962
977257
953748
965925
635227
834459
996436
888586
800770
637219
997214
792470
645791
514052
805311
550943
753776
644071
905320
526060
823443
758297
504387
569059
602070
787048
909923
654909
721712
629593
966004
778815
709820
713066
738788
930200
655815
652635
655207
917306
925693
783818
681492
588679
620173
985043
737543
511668
777050
910250
701528
957529
612396
918966
705643
764830
517678
833416
671987
559926
866082
533937
955099
865145
527002
901559
943928
998106
760240
866936
563422
867557
801607
662628
866338
764687
651520
764514
706708
984078
714848
796548
551712
630075
513793
808994
726038
757368
540959
619987
737509
813158
853206
609619
963816
894326
890335
921521
887446
963347
979403
707780
565374
903596
693179
594651
622167
566375
683029
909560
508416
958077
992306
530796
789781
648791
876525
960265
861175
658539
678687
596181
867089
835909
546655
641269
807527
525438
939180
760376
935202
871637
785259
502516
995626
778831
901741
600763
681967
788015
542913
966226
861079
627156
765052
758587
866090
816879
638038
699432
746686
995428
803438
592443
855212
608877
930117
916422
728039
787597
959204
572710
826329
942069
972456
908614
814026
938605
915883
765294
787579
592881
966446
973002
974992
604761
879723
628854
687635
772445
760513
725402
663388
706967
993184
776707
862948
667163
881817
760364
539466
552116
881725
880377
899041
679072
882610
760498
699818
591880
628142
993634
724639
723300
742701
906222
859476
767687
580586
533877
741120
715279
671437
636442
926589
723184
720865
795374
712154
698383
714153
689555
660566
697663
919291
859443
595047
759970
561557
776966
513673
594592
881559
519998
833463
804637
969253
662939
508087
900081
510451
668366
846929
741630
929006
739177
761499
873125
893995
607856
904996
669652
564756
991557
656960
845325
813439
666823
972905
781942
770563
803467
793816
588530
825990
811260
865898
632802
713796
602930
612829
520999
602569
911598
890190
933148
861915
928658
711380
539757
543326
642191
808194
641466
629477
742177
737972
999172
998710
663379
843519
703112
536846
685564
809176
782207
528427
903887
893667
752456
973570
833681
991490
902960
500104
562139
905437
975982
563524
516276
678427
504059
661237
534517
714372
683386
525462
737793
657837
611631
614691
798901
629971
746250
992472
998035
787846
704753
938754
913297
809127
674179
515148
650751
826252
935424
621887
938057
697733
624602
714559
714802
784302
793512
961562
918872
532458
924020
872629
597000
648536
602830
597926
820361
526850
659608
941649
615915
699844
856080
965637
935643
953344
506978
796692
802674
656313
771978
902613
511744
604102
916311
592570
912574
740466
757450
500724
594809
586006
562742
707435
643641
672508
990194
556244
764432
765221
631837
619765
796245
547547
722916
584343
632993
924515
915603
739159
985719
853828
545185
726658
722818
802102
919658
786343
766787
673558
689662
765585
690071
603819
714985
910465
629754
674662
833638
681107
614385
562633
899297
824126
809215
844125
567615
532247
503968
536541
781122
929896
761690
894621
517224
721085
808172
613800
917679
733808
740613
870683
697196
508675
865962
936848
545028
635269
664269
544439
641904
682991
843587
682259
702558
987335
769842
875284
926988
787800
519466
675994
599587
925234
785680
602979
748634
773405
898189
816851
596801
582304
908884
606538
742143
969738
837020
862897
851485
588238
742752
635997
508545
976793
551528
885736
899807
986805
564269
524160
698890
765753
884383
738035
500202
542828
938647
803310
741589
967684
809406
954953
763048
865906
821954
649412
599206
726117
612229
694832
829592
812667
544774
719429
822330
721083
558737
736700
849329
601381
562504
650820
803492
920933
901294
964506
812060
821315
572839
803096
811606
526928
913275
509141
785887
787555
737261
965429
855926
613950
886678
592830
757437
786660
513922
573475
538263
764792
562886
750509
811276
537083
781138
798565
675938
682693
508861
856411
861236
829608
980797
660754
635277
921321
689234
583897
914825
951279
526695
722357
868648
922036
845097
996730
989202
674911
591526
927708
735755
997245
638946
988720
748564
529800
680324
710264
691678
846850
512238
588347
840646
768774
863081
825900
958025
542439
511614
682204
962066
537572
917243
786893
653089
945901
778860
834132
953886
702262
923504
805417
667864
966308
670474
606348
773197
581750
920217
659930
608158
701736
781744
712632
523598
730525
912971
602353
582780
938220
939321
613091
506353
898454
591341
611307
938763
907870
582562
973320
905209
668312
902330
619381
953847
705532
522315
699905
921627
611740
618462
546305
890496
782201
814835
901935
583873
972113
587294
539364
783128
927450
813957
917495
581921
615832
752163
610425
634505
612569
612546
967289
906685
881989
913694
842213
791836
769560
814313
529357
777288
510276
652883
927328
858704
709035
840816
613477
993674
960995
506761
666419
891538
861419
983637
620728
502171
742908
534391
538136
847001
543987
760822
730415
581585
921107
987584
990731
855277
839554
926599
686102
878999
571980
769420
573584
828424
770354
501212
881891
969456
924352
636596
757990
942626
952099
759055
854466
666270
811936
726092
649697
618071
706935
678002
798636
798502
801599
522175
955666
717308
779639
940836
936381
654377
548188
537232
749674
615665
773753
851780
943235
779199
577208
951168
892598
678943
745946
958816
858743
775366
809824
578802
696423
847096
620512
704534
876691
848523
517180
817903
635070
996944
872705
535348
614522
669679
624014
705210
896887
603305
960321
831370
821853
705286
776726
776220
826958
828344
646746
715032
884404
543638
524344
572476
575660
818761
808506
519889
565180
771736
936594
708806
921372
651077
727944
716010
829493
917228
645313
911884
763832
576421
973388
711093
697524
744849
651725
906067
730939
594227
876148
775700
864126
507629
784441
920515
656639
726248
862940
734385
638532
731523
531415
883319
957531
664233
886644
749976
756628
960033
746486
564254
771425
625461
601248
976730
810754
866779
729673
878387
640031
650746
594485
629599
509128
974301
607240
587317
508065
539434
914043
790628
811050
723517
965325
566705
673852
845036
947979
518276
504783
924351
502124
631762
568150
523048
949037
874808
706407
965591
603686
915821
501089
753833
753452
898518
939793
967373
913422
508616
507102
926522
522980
929261
544292
536890
863551
693157
583711
991217
992568
604416
535713
565499
877311
810591
514747
996341
550749
773115
694673
746256
545665
834743
694824
772123
745404
814237
907432
640692
639694
665804
712208
583013
948872
705881
531457
533074
934966
653279
656983
876049
515859
771844
829601
764738
648203
582308
555647
604946
892872
953144
572303
605023
513631
795572
518329
861872
518518
817099
766068
601782
795583
687107
558928
667463
570097
547008
646200
728325
533335
885033
853585
556235
939488
721289
676879
559431
992677
598033
743875
677932
846141
636858
775583
534407
820186
747658
956048
586339
954366
612449
945425
518258
625003
834670
978091
946750
644256
680403
851356
560330
696589
667924
920768
549992
593638
533266
513952
701450
881149
968550
895870
823878
611106
815104
984124
604109
881190
970808
590533
912200
602869
655040
867077
652399
800922
815780
532206
983502
855863
886878
902883
818110
625871
645040
936306
847901
805965
731317
595336
892645
625734
879776
791218
634128
679075
943716
923341
712602
857069
622003
873124
726073
698226
827250
715956
684579
631567
718655
922813
584591
775814
613132
705190
645415
522810
564750
776551
571319
830020
607203
861762
838646
717934
534159
580096
585770
982747
813099
972642
825882
837708
984800
500536
510205
750823
822272
813710
682810
675777
586278
812412
716975
788954
845347
516576
879280
726648
909058
623068
925431
732695
806952
916065
815501
963506
547840
708265
867932
570939
920165
668601
506452
604056
641345
921093
791390
779469
796887
924692
765169
755019
581900
952522
805192
611453
732324
587943
557622
977095
822465
569130
618960
816801
527230
787217
909351
535786
696072
620200
765614
679772
777591
704170
686525
868046
943658
838833
800903
551714
530428
519797
580436
752399
648154
863846
682167
528968
656862
735477
535440
980727
953485
953914
642696
727875
949017
658650
550170
830444
798429
813793
732356
564409
608749
810796
862921
764964
977835
681391
513627
946980
617933
547930
566509
664937
967360
726381
515009
948226
760830
928918
541527
978103
973404
595915
959782
688476
892656
636812
525340
765969
670376
749090
535179
943423
835035
568032
683976
629701
593801
837754
660873
668661
699759
615863
927841
791399
578026
531474
753364
561739
846869
818347
613783
996088
917961
944084
523983
729468
904213
895172
517442
543166
500848
971930
893955
716277
557432
816196
897761
640588
924215
682821
816264
670468
678389
889020
838080
549796
726722
609840
627683
935432
697836
849859
997156
904414
863928
707029
963359
796634
683237
700045
747781
899980
598987
621043
864591
634780
580259
963215
648518
847275
759202
634055
584106
605973
931250
605840
709038
961381
657999
774358
685827
958825
510853
596848
998842
756995
580998
724488
745979
737532
893238
913624
935542
803190
820561
840769
904869
570017
970225
834717
940155
861019
666608
547326
534018
568835
923371
876245
825390
545584
651864
722518
521359
524176
788297
814647
527601
992546
743097
984114
823067
653909
630652
577775
830985
759066
564973
838061
764324
746252
869191
957540
538832
702697
601357
650147
926104
587142
503476
643640
859349
992193
636162
726154
661345
696575
940561
738309
973077
749432
853038
664188
914288
890559
827492
994567
678850
525419
989441
791142
600572
590726
602140
694823
690814
706928
500032
547945
881216
695373
555334
657782
722133
875021
853231
523289
897003
900529
930143
616973
706472
987321
990454
550663
701401
726466
636786
838400
621809
995670
742435
819848
734541
915653
884076
612357
895090
923396
575500
578079
627488
883045
913869
710715
790166
696438
510143
927149
969057
889814
849568
940275
550359
538245
538851
799182
611019
578769
701039
831287
778160
598956
576806
995271
872667
666463
919954
946500
673263
528054
980153
522281
562791
641967
719035
813384
846796
704377
818865
647692
987731
665895
941385
648350
944699
647326
873851
825977
792958
774782
891375
592216
579801
600096
932478
945732
838626
688274
973226
617640
986803
544717
770309
960210
986770
881875
510048
558664
914622
813821
819844
595750
669454
541587
853938
881011
616582
686106
637313
992702
762353
922908
712008
563857
942376
829861
626691
965034
778489
605519
520900
506080
622982
840362
909067
947008
771567
649547
555212
771853
965762
981061
875624
986121
590953
804525
610608
755491
818910
507928
920882
936401
847977
634305
621720
552118
557556
703154
532527
834087
901801
921021
910926
813378
863856
725101
689387
687964
570597
739416
761725
631595
530916
853101
683436
892655
653703
961378
601569
689461
995679
697249
583442
720473
836180
731242
564479
964154
757494
761241
781163
500636
878372
789751
842409
553791
553745
772492
857024
506459
782542
877411
741352
854112
632744
656572
636801
951029
569599
666631
847941
767480
555162
912696
958355
992698
594302
526955
836787
611158
660947
942021
892037
829746
790473
643977
793565
594609
815767
523370
802514
984318
502677
622450
850240
918870
622201
905179
737853
776181
678328
705826
888028
827161
604674
550025
899723
590939
689543
699179
845248
604474
958871
797624
658415
911258
514053
954138
974450
957009
958919
778919
950589
968765
877569
551849
728695
688637
828863
701076
584454
742726
793131
830678
614488
941180
915541
694929
836853
955680
859446
673425
808225
626019
557322
977607
639268
521596
662013
587573
879234
838989
987042
920573
519402
795620
782306
727313
586444
678043
931507
891407
787577
870691
628205
997027
799483
908380
885313
919757
796257
597187
825657
770024
786832
769828
582548
821462
888458
623676
645865
627131
933739
527989
745961
885541
687767
965848
862081
914517
818065
743406
744711
544626
656466
766345
900488
590041
622767
897326
567851
527727
725750
958250
869069
668412
698730
556451
759261
883405
594001
506654
795335
645869
654247
738082
805940
930316
800751
583301
571433
840291
898765
542190
607600
794312
643871
861822
570083
881932
790359
715214
592645
845626
723785
596335
567199
723695
753759
951882
856125
848690
730365
948990
772438
963026
853328
953189
785806
849822
886106
962089
926444
770859
639633
936545
738473
790763
957561
573940
660184
890340
857776
797358
956754
880989
722588
825011
822548
818716
921813
939203
557889
963929
528771
790237
654044
720861
512730
616052
579281
712359
968090
817153
553815
820236
939804
975741
696476
599264
827402
963916
674140
673809
690590
643430
886390
873811
898222
628618
970292
943812
808855
503949
709422
546105
861917
927316
504954
534018
691587
548801
541515
547733
828495
960441
754140
760583
886735
911721
972108
870510
917043
787126
724831
802606
505177
696482
704071
706715
939239
549213
773809
731601
924264
675494
528963
986278
679702
596685
645224
619523
933541
793313
850314
525059
515589
671361
963990
543385
669028
505023
598779
932756
937473
758370
942122
844417
731914
935532
890250
559805
609805
600697
647070
894595
729938
670235
962458
805478
590079
808755
795844
798633
696181
600451
794681
882832
522379
571154
568696
591782
732092
525119
540667
606090
941928
615511
952125
823392
619007
629052
900634
518762
501594
830242
970183
526394
538085
632220
980231
602356
510999
664069
725317
792616
523838
988027
647222
987774
998747
859453
958116
795023
772998
929289
760595
934460
541228
900422
942859
792101
721478
997159
517432
558788
631954
540067
784655
856180
618436
753104
599622
630311
543853
804263
668523
504041
891550
600666
993599
597919
538497
766537
996714
952997
610239
971980
948852
828323
654014
810606
947611
891857
716830
986919
764734
902470
889992
873302
538588
682654
872339
905102
541239
881271
776158
645798
802945
607206
788007
685136
756531
591267
860129
841743
513033
784460
525124
983415
629229
555211
734468
771682
671856
677293
985422
631536
870906
899656
878609
972616
614381
540120
854437
750502
969585
833050
729064
825946
634034
807839
846589
785079
699699
796587
857941
730829
571913
773922
615571
953987
841040
772164
999192
597451
579191
977985
765394
890616
875684
630508
708646
630267
561533
590078
892878
939837
878573
564900
522424
968368
754329
903552
791013
724697
639571
785252
771200
935995
959589
688369
783492
553048
855284
560125
533127
840542
899552
597516
607760
893168
943750
960485
634732
716666
589453
764670
981112
613213
575631
831906
562438
515830
627593
672111
572787
711467
827927
573404
549530
528713
720478
785785
747771
579753
919840
957352
998930
844592
815124
958315
975939
606977
542076
506851
597257
562137
914942
774674
834139
751317
974668
796525
874270
792763
672299
500152
785077
540290
973582
941353
558292
594378
905237
947828
667147
724748
552902
808883
695243
726439
823111
713444
719521
768593
528156
991539
971991
995021
613380
891834
965009
924066
612382
519863
693750
702668
677483
711016
683216
520043
833378
706368
534244
775682
597749
655273
620939
648304
879769
861370
563485
786458
562798
620276
513148
555403
945843
962207
798939
831602
854305
639277
608062
687967
752822
756417
720854
687310
753407
558483
597298
979671
575751
726170
990513
718804
879392
701051
708736
900755
891700
666615
998821
664805
877814
592877
934109
968767
988706
960208
838790
948626
864606
548909
512116
734810
880466
805426
714289
789875
715584
523967
562329
929655
727068
937108
908022
668013
724773
836222
813364
772668
675362
829954
564997
611335
523192
791393
895975
818906
503179
507454
934947
937023
661734
561870
520383
791270
735700
598953
704306
902131
528883
560968
811160
729688
923151
579734
609093
595924
692041
951598
957867
894142
769744
634873
842158
846234
982285
690487
580862
842225
814035
746448
576448
911294
516253
916272
684208
592509
778845
653050
897164
567089
517963
607402
711869
895561
817728
797311
638503
941531
596217
745699
862096
845492
887200
786705
876626
679211
619973
930793
562549
679670
833815
570367
946820
976546
737997
922447
981610
754956
603903
612312
693219
628020
640377
555821
627948
795182
756977
891963
702327
649960
672876
631005
647428
660369
894321
900225
956431
794336
622638
550206
695243
519060
928015
756335
510530
735387
699575
845956
927798
512053
962554
938352
618134
778752
723258
826671
569326
739905
689018
555753
982914
664979
842827
739402
825990
834697
632418
664254
798472
545953
711966
685896
506750
717490
615855
788983
945573
521485
866301
641418
947280
787362
810316
771963
734771
536932
531226
995603
594570
756023
548287
800273
948842
765007
964249
814544
711021
756753
715924
709216
912628
895026
995149
936142
702120
743895
851258
750435
627984
661017
591366
697914
924190
663011
562439
918910
529963
587509
935839
576010
707509
604027
962993
852044
716024
672796
679889
967918
821042
734730
736579
652119
779120
903528
563342
932084
584663
845332
820272
698652
976365
564893
669225
860753
968508
930111
950634
812385
890259
951690
944770
521001
850735
993594
860064
649244
582856
914264
714827
826398
933240
739486
505274
992076
933955
611166
621853
645840
730082
951158
647194
681989
811970
984853
866180
664890
510742
765958
673058
936905
529677
614390
808372
839314
586117
996188
512473
838146
622988
820373
612737
717620
741847
933241
610362
734690
696281
682158
971062
597417
829801
695346
922748
737168
637826
615715
948017
663518
663255
534631
799235
713783
950077
541036
669470
930308
870020
920936
621213
631862
976256
814693
649802
610412
634692
564747
618449
940436
585273
857685
991088
646276
550557
924150
735371
533133
755287
642187
785049
817965
865475
898668
682758
737139
600285
820297
517932
690696
666458
578562
552596
786947
568015
993227
894285
534799
940808
637534
974666
785614
548626
866687
695011
615364
665141
850935
829570
563632
500629
801398
702208
789407
671134
698447
800837
671873
845093
994422
621433
897630
774448
588613
661276
773095
531663
783241
504343
798580
700433
871815
825738
950140
947987
771380
782039
888507
668387
694790
867927
691559
724524
610226
502678
513424
520275
682019
804808
798870
781721
756184
829767
685765
990496
680721
526297
989854
697548
705457
704681
839746
855384
835200
728763
982997
824413
827995
875244
989144
879173
797348
504163
536749
615420
795823
810979
910031
777859
947511
970561
995663
954463
694685
881440
984239
553276
627066
618728
684713
809610
860439
517822
516908
832113
634512
972055
906102
594472
773456
794931
634470
896200
821152
512600
635940
615639
678779
953421
983535
682228
831731
525938
753121
656681
605160
636985
684286
611522
529287
793468
853383
638079
637993
514200
533410
912189
674607
516551
828904
943657
671543
770082
713948
964813
614095
503516
825672
540919
640394
590944
522956
972561
582374
620988
894585
641845
913640
707305
765793
936510
873330
914909
536406
679648
762098
685985
917948
670865
820653
774331
863939
689209
919992
600110
893067
635258
722448
999134
952921
585818
913800
609666
644223
919263
858684
541719
931461
559015
777531
572352
848822
840502
977695
853686
619381
709642
692886
756564
897418
777031
842048
931921
802374
788049
636541
961041
610039
953747
617190
812691
688080
834091
904829
760970
594805
531097
889278
960958
587241
562250
989781
580430
752795
829326
824164
945078
916532
612789
661689
955626
782410
699682
786574
630955
900980
847529
595273
938057
581538
794160
942697
521014
657119
936477
748543
624246
618823
543100
734720
978191
953127
610454
943087
896368
798874
558363
698071
681800
649877
802275
681903
923556
632890
671749
825887
765745
679646
789980
735796
900082
837973
826963
900950
945506
694142
692213
683384
688855
734689
724022
794978
528069
979277
611077
639215
639992
975065
966987
540911
623365
841682
823479
916209
957278
587886
683007
784219
517381
509236
628542
558741
853770
844079
988457
959161
555220
973581
745644
974602
917043
919018
763782
853610
964279
816454
844538
544959
592317
886631
749450
508394
996437
712571
892586
756343
977028
961889
869489
978932
688519
690414
844285
503539
999156
960502
852077
733714
721716
506712
743987
739816
588020
793232
842570
915445
759571
827652
792776
751065
870524
904795
619610
631547
799804
884459
704778
520316
515486
552832
838827
884559
772457
739204
606533
808384
679530
537526
755201
964679
744054
985628
956399
916280
507221
795922
990996
871510
603435
984551
996049
882901
734845
611843
722858
804273
749556
678381
561965
860369
972995
892043
569872
981546
536334
814526
567771
507914
873071
519674
526951
797104
623111
879150
809534
916841
892397
861261
608265
631678
920113
567981
610436
683784
862192
733793
820594
774885
516363
598227
945468
585430
696059
847000
945834
988583
793508
934125
759017
932382
718041
779463
988423
767740
753352
561905
874297
811893
802784
707137
664501
697856
708907
632628
907740
901814
850382
599525
665581
996786
753807
604720
925871
521010
950517
978696
779906
684176
656522
690583
692615
704278
693288
879715
523263
919577
630112
665073
738209
649105
503857
646618
506428
884686
974289
974509
620447
637217
759937
862004
612843
634212
580089
861725
830742
952173
906619
965189
577832
816910
970614
811314
967803
619230
772233
939377
810274
716689
791468
794638
598564
762533
792058
559349
574283
721596
851225
914706
774055
584508
817303
925331
847286
822449
534023
557632
826193
858976
674080
502231
571122
947214
901524
954539
925116
695930
618742
988333
811331
858527
735739
663892
987685
990234
542807
907241
776292
895687
688279
811677
708891
576837
914724
800708
639274
799615
992830
986748
879352
746006
651700
503286
833853
878756
777421
527580
583247
712691
967789
549628
974850
654528
634837
617681
861689
705243
612818
770019
813326
888886
965997
692344
568872
856863
619283
905197
745229
769645
853520
570668
585659
696251
573214
996213
563881
795976
689605
779240
780472
630496
776269
534122
762656
715757
969498
653361
778914
787971
915209
909663
941556
606596
641780
964297
600199
551221
902954
572106
961799
751136
597934
510478
557418
805066
912944
529505
885137
912659
657719
984860
566892
651365
856094
963715
566947
816151
702003
692935
689356
547433
854624
949338
777593
551975
773596
523143
572638
826106
848118
738271
828670
640385
884371
767134
514909
934148
613780
746201
624957
614797
940548
930433
746971
875079
820986
571093
627328
933399
946906
799010
907543
947358
595307
616943
567557
774907
908946
680287
584454
903633
968545
802190
688680
612636
875057
575051
923565
671326
886052
658501
528821
766391
562472
592010
545866
983410
768297
972758
835400
990164
710251
938409
590927
978987
952976
728346
989577
557419
956818
806925
943986
742376
876878
988976
649171
581685
851024
989852
795302
988256
949438
867192
558969
520324
758894
648965
894445
951681
850206
732460
638384
658744
902167
576073
681718
778657
927038
583692
827705
617786
907305
630089
544743
942017
899357
882193
745014
622323
652713
571953
746708
505863
741486
702833
898128
880754
695883
901967
554609
654524
669355
818320
969675
828906
521004
573048
945523
735704
638846
761936
924327
819127
621688
920572
731662
591466
675944
638294
690572
786212
763870
984351
580550
666182
914299
891568
606142
590560
619525
896663
729949
710680
935179
656768
531533
860891
962868
760457
866848
735066
791367
682780
906429
788929
707030
521797
857633
689281
651544
823513
621450
568743
885094
998834
885405
539730
523801
718445
667517
651958
710437
677781
760108
980046
925768
643802
533868
918757
677549
830762
701110
860314
892342
996810
558033
644509
638383
853775
558447
544785
523937
890105
526142
938334
661893
504302
916347
568215
650966
766779
755729
590958
836841
792894
525050
652714
963159
748720
878554
874407
661113
739076
583070
638184
833825
538904
966354
558386
697251
772318
946065
885805
651035
720781
793677
977556
785125
558326
953864
994696
687360
685838
516416
859174
958451
936382
522389
742077
979471
970006
727587
620916
517179
704849
879504
858662
817164
842113
882755
998454
943865
762049
630621
908789
738334
676276
834322
779466
540291
501566
919431
761876
855678
780914
861722
730176
527342
907771
886903
660390
526687
903567
747145
912179
580871
622158
777646
822807
695981
724280
790172
715032
647678
565925
973333
771437
995700
673777
616344
939115
778045
798568
550617
656011
502883
921734
795632
503524
926646
997888
506132
616222
658018
684275
659676
675610
712995
548933
641096
833872
827682
910567
694627
540081
733138
557754
623040
683853
599294
714557
774989
828569
962224
824903
853469
589279
944477
752942
507917
840512
660798
622891
762330
581465
941398
747892
825033
811278
800395
693978
635063
768729
596093
615967
689943
988058
877700
752535
801254
806627
783751
610258
824009
661357
569814
654820
611957
786406
535984
845356
511404
728026
668144
904322
680276
606876
821821
593225
875802
519866
785597
992960
590225
607359
878260
562412
536732
834342
844922
846276
852596
607622
891274
652119
755636
671500
682461
599707
732548
654907
896778
698954
654517
979301
582336
839406
811264
646368
678715
721649
730408
676239
560347
627647
859076
816669
610624
830831
651411
737153
719743
861537
833676
618619
690805
937343
902084
661361
909340
739155
920347
674568
609506
889686
636752
680226
617097
990568
977769
633474
604198
644799
907289
606172
843730
765970
940203
693872
994680
946982
920027
735079
501592
700548
882733
648465
932412
778278
679753
627119
770905
628429
724546
716113
766749
752036
787122
955659
989773
559192
679719
787254
900928
661806
847808
614743
809461
801657
974742
957090
959105
710856
868888
933643
513105
876064
660734
614199
715570
807715
531144
700147
645088
509563
818353
701131
716206
586442
639312
672592
976894
712475
501986
815662
688215
503780
880915
589045
574369
979058
928354
933575
970865
626518
777988
805692
519779
912170
841969
958077
548177
500933
856327
873266
503763
759695
584562
767976
530585
773115
679150
555115
943526
726057
701798
782683
965010
671687
538810
528187
807538
559768
616715
606943
746406
697714
928686
505424
798822
529151
794122
828653
591881
648987
909220
717175
986817
742604
646178
812558
877389
644607
737224
878406
708752
915519
691517
803484
798799
959646
720019
528558
905308
776740
815459
733448
595180
552679
820424
923736
653285
974201
860818
777134
593238
739477
569220
819393
982219
603119
633840
630977
979288
575027
990323
887760
831774
871244
564983
714889
955350
524252
516379
751158
517085
543867
878645
945872
737179
878675
911026
763787
765727
636548
812990
849136
765954
673035
909362
734343
590226
967106
656591
902278
907619
930790
658104
563005
738773
805464
620642
647849
768139
692133
751749
702141
830535
769503
961017
786098
586617
937004
669590
606062
599180
989859
712252
622566
696301
909939
875642
552022
588945
970876
775088
856303
874686
618366
941858
894236
839580
904005
611545
957444
538838
673357
961759
694330
836745
805042
650274
527997
629737
671707
667181
870001
749381
704401
722918
645839
903877
768337
642623
809148
878887
551300
630868
975697
937550
674846
605745
592525
737557
535948
768548
829864
718135
946393
722684
768748
634661
553161
547423
764302
987107
540522
748238
931992
855552
967305
529671
941846
698220
805132
887707
979497
609239
842100
815388
550183
899297
758340
903288
796763
853661
812389
605238
546514
507631
914575
605715
592893
575129
595411
699267
832355
527051
571274
573717
669484
596210
978941
984335
941535
738242
690214
802874
904541
539171
529975
672671
978013
641353
747697
967008
679421
791263
503990
844794
907901
539259
868944
554271
995675
794461
959204
675174
894224
851715
936865
728448
776203
971831
773737
781262
752032
903563
714370
930930
567960
698480
511810
932330
616244
601966
634449
612449
708584
822143
939581
554049
701279
516667
837754
556163
975402
840200
705899
848934
852300
550749
634875
561005
739680
945362
721883
979756
985427
578777
539038
597815
538710
978037
609621
953760
611454
977428
874217
819515
698147
926199
874700
924445
869207
959766
583950
778243
734961
814835
551303
774309
581637
794302
522462
891727
949529
924417
695097
510536
995907
871084
848039
637293
975276
716766
746770
676652
596713
653251
816683
722870
811752
872055
853246
713815
900128
667963
758128
799068
503350
570401
555036
850256
619547
896254
738047
799099
953163
971634
638073
972573
815215
505367
956867
927131
826647
538978
836105
930090
894836
832924
551849
550423
991588
737537
641288
660336
691829
885034
608431
755576
945207
603643
525022
630287
966686
784736
648562
833328
550234
562612
550360
729309
841216
845313
552095
936164
705440
868739
921048
545994
590897
513364
548916
845919
935659
735472
606428
668047
815726
797246
646952
557616
851730
781755
603052
780635
936270
547037
709633
905331
940494
625137
921882
522297
630335
990298
813411
589605
764096
583698
544141
968092
903500
936637
521831
572344
816158
981395
510620
848641
707820
849687
792264
548017
702440
969957
526270
901510
501911
960588
623008
668690
715984
643500
562236
556151
667460
576395
817481
513677
817806
792309
508405
732414
752967
871298
757072
980474
595618
855051
967315
763769
571656
581393
961506
869743
831317
513489
507381
944732
815277
938853
595092
617085
647234
887513
956305
924797
949911
931432
854074
545577
647226
593387
746206
858125
756335
968825
752961
661725
964427
783370
886038
635960
527109
698993
652524
745105
756546
685421
653456
855049
747816
737175
569680
969286
932243
541207
763407
761583
970474
938837
656988
805254
608514
594471
559233
964145
953461
724057
718751
551034
721041
972326
576944
860302
665089
837563
976416
566450
652972
761787
749869
579032
851747
562725
773170
708637
895534
632046
656463
659798
705787
826847
544854
976481
748386
565603
875275
764227
685263
775967
551075
952754
865197
611381
577376
551720
526844
655623
984679
868966
959571
727948
605570
994019
820981
633600
770334
611845
785364
614331
680486
827566
640138
822913
920021
610249
666178
703578
675619
550831
554380
797119
876807
667846
660142
829154
813674
840633
857605
623745
612232
835766
852744
920469
665433
646769
772830
873231
590770
925457
614117
885966
936348
874043
874577
944825
865587
711284
706807
822590
907895
600623
553182
732947
798449
634565
964532
843596
917092
869117
628009
529682
819715
596007
553592
611093
730597
599110
653947
716184
587217
975132
889851
895871
966147
742064
743515
885802
777605
977206
800356
687152
993407
891918
763130
776358
661073
789315
716306
750540
842563
844295
612698
614560
760939
759148
673559
574618
562952
988272
534680
580180
826704
860545
993787
697192
837963
772186
630498
578096
774533
899681
668895
663698
817355
640697
823278
671399
827199
748760
640189
637245
621037
769239
910685
601093
839278
706358
899679
962531
639187
661661
914396
598484
915229
708951
789869
627799
889814
858118
523048
543764
959424
967266
721986
697216
538123
552275
727962
669715
681124
844746
891416
615970
845524
517778
972975
697523
888190
901869
520011
672416
722994
978055
521585
939734
968142
813689
931732
516520
590288
684365
948239
593733
749242
561101
692809
926691
662961
536662
936356
722915
928800
991363
744585
951495
725064
501853
940600
861265
768516
997394
764281
905798
835421
908606
680097
797104
640556
812766
949501
800087
749573
736347
923527
670824
512993
951338
599756
858678
596934
978461
924041
674874
777691
652027
786254
998419
780830
570664
889911
865665
928023
706677
601888
771574
814604
816097
865370
957487
808092
918638
685435
568172
974018
745599
800118
983706
898415
951357
507075
940588
915728
760985
780562
961955
545990
830085
721057
969410
601663
829292
835212
800188
867472
519092
890696
770832
904676
556870
860248
833811
769338
865857
807014
664154
699788
966759
964185
763317
639106
650416
546643
616700
738054
772819
982339
900128
828740
672844
589643
597450
519809
623404
735675
839356
718766
605127
734011
513554
754037
927015
930815
767977
944203
900104
870965
840356
818225
996362
781549
738587
634625
780866
794212
946820
786076
665716
976844
668159
760716
709350
627597
881410
570143
873773
786491
573240
537014
962073
859821
602015
948218
509639
746153
859250
830652
525563
763024
746514
994756
787604
683629
675045
708320
681237
960216
863513
621604
755553
652373
989417
962688
809473
965036
769640
659863
884925
918185
948617
681920
886932
553390
859996
957996
525269
592834
672765
544721
741770
974879
558766
795258
795861
618123
607428
640593
893860
999940
956280
785372
755170
985529
592195
758873
685157
733169
515005
629446
605778
533391
747010
813494
939604
902494
667810
547557
857356
982726
812117
980879
509013
580936
578725
611476
745551
964859
879111
724365
529067
833513
517252
512179
616174
879374
603219
716167
987095
882489
765333
715815
651125
920167
526214
540894
715043
704261
851890
911561
672179
544999
789106
727169
976186
775824
538088
906201
554006
509684
517927
627223
952107
584572
659236
614010
573518
521140
736516
697272
544718
519566
657803
693732
916685
735810
826344
540492
790338
777538
515235
957392
929742
583062
898532
563201
815720
852159
509018
724894
989917
991702
981874
686639
955291
713980
673486
711568
598610
841407
567317
534439
813449
936549
921770
956451
636059
614404
614659
908133
593740
687385
582009
722907
562182
977718
847003
906712
991384
563723
553072
693807
741790
686069
863430
742504
512315
613418
759036
999650
862784
742836
581737
959264
892333
662891
656862
697166
653742
912601
672129
589005
915733
805939
871893
848240
594356
900906
522984
870258
822117
815755
618787
743331
979598
835710
708744
707373
725567
988716
943104
814335
999503
761436
895272
843719
654258
617846
794530
755502
665229
992523
953046
869817
608913
607598
885071
948608
792995
855592
586454
720452
938808
769110
861577
877776
802882
799724
917061
934368
838343
517514
719735
941553
985391
569411
776959
946434
823787
969036
502935
523569
733839
874520
748622
895282
632856
645144
516209
502849
830170
646171
959692
505837
793940
870468
678901
628433
577670
824788
795908
997562
654599
948970
646229
907796
657334
824951
591277
720094
525810
790639
543503
672569
637204
592597
569214
823299
653829
642648
509657
752384
682279
572306
609408
824286
916900
635843
993493
830986
830519
672920
649031
723779
952128
652192
510401
673853
716287
892442
856311
554509
974893
573588
502099
624135
788191
664659
621595
704093
699839
774092
814568
889510
975457
915829
566291
617009
936105
682616
706805
757485
754058
585487
730408
763799
565518
921917
604769
598340
648424
669947
834658
934940
973450
749175
810335
532785
604031
914150
948856
558215
893605
684153
675608
742543
932844
704701
533306
971545
858062
620274
758794
775615
845626
624245
651793
773530
556754
617854
689181
982843
830633
866603
791925
503093
744065
511544
500597
607954
643438
817956
574141
782835
765191
646662
575118
594244
710388
739023
920630
721660
647165
981697
645779
555403
673528
823215
555254
803061
913668
748278
869068
508194
835313
875719
822417
937203
646984
979816
969041
527768
540103
879701
503190
530046
538347
654414
691474
644601
956678
964183
716805
539737
650967
833651
902219
995644
676668
603482
603777
914030
904080
745476
865155
825255
716697
534909
550404
597315
961564
842688
598914
523343
636216
801528
818980
892711
913147
878516
694260
709829
714664
941264
994777
577317
669862
923441
759857
789144
708903
997063
763252
897263
515120
605559
969960
907905
767270
818201
842727
926648
758944
855052
966723
896873
894037
577903
891821
630590
961576
814879
626099
818742
929838
913809
642781
530844
730488
595816
759082
895061
894741
794730
953674
648708
796600
613788
610380
923770
706706
512611
965653
870212
691522
725782
719680
722030
611736
746956
732600
734455
979672
621443
811470
887991
913484
976577
787271
916505
565282
939326
519781
804993
951720
723565
589787
799268
941179
788929
783233
820583
844930
935653
667859
857957
521412
617586
599018
651132
567350
608195
937329
900324
919033
622462
946601
874008
856498
649269
988060
997105
578430
506360
881120
900872
967660
633472
870200
973384
640367
734468
538921
780608
530741
749496
947804
910084
944339
951456
592585
765207
515305
513440
601037
878519
591896
650842
717930
886800
811478
603002
838423
599498
977840
808047
846477
739574
883585
606998
507049
509163
821867
602346
562378
597111
820725
506176
502427
867616
818907
541506
775521
823949
945876
881055
744998
536981
732784
579080
709277
556267
608269
760748
917145
550196
838258
533749
611387
885725
867239
671856
714402
662058
709067
611821
667317
533756
979048
675881
587680
968080
705992
920452
970295
889782
725811
876770
800353
606148
723559
910605
538390
775116
966909
579989
948992
681462
675662
866131
812170
626795
796387
797347
789256
598540
964317
952581
991644
731154
944323
983667
517328
716345
545612
665083
957448
593962
986650
930576
941292
963666
958660
998337
999433
784897
585938
761246
882245
970095
747863
968439
571896
502154
874411
563691
510342
760176
825765
859156
867618
728797
609530
750200
902934
578391
791270
892403
570811
991121
744186
684954
630395
980170
