9883
577041
687423
518414
527107
531390
602112
652045
673091
514613
818920
504925
958937
715003
969868
899687
635819
699333
670916
939312
910945
572415
706160
949571
947008
889574
758420
924229
961608
542837
979999
657281
641723
671357
882419
809495
922707
713406
879302
896605
731062
917310
820386
867286
581339
996923
873654
656785
699818
920028
737173
500756
697286
570502
660863
767059
852042
758079
792793
739938
690249
724534
925444
787986
590357
951942
770396
997312
960967
850710
536358
900117
863709
513055
543582
741584
568296
779414
561722
842610
642986
533387
636190
911976
628632
658396
956614
505543
748315
920189
862397
940743
716866
706680
612184
681689
690020
653745
926256
822222
854703
642596
566437
692403
588061
617723
507426
914241
812795
912554
971187
886230
966941
611959
611075
808076
823541
521060
755744
567359
752865
645845
624559
834088
762602
936729
869652
567794
605951
692340
773361
837005
673680
754646
598410
852689
615074
829410
753822
585230
636156
862833
756210
846484
591363
953762
557351
582225
998305
876467
633242
694430
537031
818357
514511
978868
728321
952260
697665
827595
983846
664568
976056
501595
934883
699350
518421
523331
658756
711087
562238
724340
708573
529522
851040
851851
745128
953175
824147
934715
935813
965533
591978
502975
681344
799464
802040
954537
599535
916918
552862
782237
892258
643836
697535
948130
869379
878692
700061
873534
745293
890896
570470
986500
915952
818466
593023
972863
753729
929657
975447
882711
999264
909639
874658
700495
617626
897856
605158
719975
585367
673656
854957
502977
797396
907835
982897
527255
889374
592626
620826
964471
877081
936877
561111
750942
931859
930285
835953
929376
746570
542831
508742
762780
790842
539541
975563
562033
553532
881833
943610
790172
877700
823621
796567
605289
824798
565048
787790
816970
626992
605594
913679
954950
727529
783453
701706
630693
501075
630574
913811
552458
681530
679833
955321
562363
972543
570357
623551
732419
882152
569363
651164
690589
508971
720204
723484
569693
863523
855333
879292
924881
728345
843238
520423
516642
836519
969014
558952
669792
957462
790463
568711
839878
726217
631232
739936
693944
545719
558295
833085
984775
954723
748206
915809
835897
541786
624232
952227
583533
648969
664701
880740
661940
856364
871147
542175
968522
676462
832696
585174
739371
692044
931586
751685
857574
618978
707061
597255
789073
900402
932168
510348
876086
958450
989036
997322
730065
932364
709588
962546
994739
732215
935901
592026
588053
733463
632162
619530
555460
542011
751763
506423
953273
617126
690201
797280
760714
582563
826905
697288
798837
572737
924527
581859
791507
673624
797358
864426
954772
883175
958829
937541
837728
540380
850108
563328
955478
660157
681845
630628
586872
769163
819090
590785
649390
663767
725854
643916
597416
785780
603225
893862
611666
542750
856590
856176
543126
700922
969967
983856
818488
804052
643444
842501
715314
509613
827523
953253
712373
807786
587945
663554
765810
757096
619546
776123
754623
596056
950749
712497
729015
838712
789203
787781
822167
845907
878000
732925
897003
784995
860608
857958
999430
768400
902668
997766
726790
908944
787805
536470
992738
684869
530509
691024
664109
540926
928098
625665
724286
812899
536190
945650
619417
847644
992648
554889
725089
775568
665948
614375
685903
961387
668872
940067
975388
801845
663641
791743
925691
605101
887271
544500
813149
970305
959743
936831
870091
934247
590459
543804
669268
790807
595749
746610
802278
795984
529943
665037
705733
990965
670173
503349
796149
648820
694301
947786
903696
506552
814931
640801
611072
979657
858460
744435
858021
616516
831928
508879
727678
810653
801830
825276
686296
718048
731308
599331
701744
851810
919307
529010
674533
552273
882750
975999
811646
903173
962393
542853
877708
545973
565699
742900
715706
554969
759163
555652
611550
715108
922177
816079
964904
647711
793271
986344
811084
969762
507235
794807
718158
694293
698655
944766
611627
660611
619514
793082
555575
553264
764193
738668
833549
557494
894004
948415
821017
820611
826989
630184
565487
613043
655289
676209
975604
997694
512538
641975
963853
862544
517877
712711
760256
506577
717345
983220
733387
761743
597605
760915
611906
571658
728879
645822
882715
707052
724708
718243
873618
840911
760976
897214
668484
844721
546362
964877
685764
796143
985169
501065
910373
654927
950742
658733
581792
712356
804987
725008
599754
841020
507899
589939
981634
687015
507076
842418
513040
983435
610791
802266
568412
962673
777594
961895
522371
894184
512182
981896
868328
707866
911933
557146
607129
833975
534994
572072
763854
833227
795187
989489
703942
856204
933270
726739
570753
540416
712104
995382
919752
914161
796122
742577
863660
515786
642014
707420
944252
727202
795458
689861
555053
604603
909943
538712
544902
536970
792899
510551
961446
508909
749417
675835
856080
537106
740957
597461
546539
952419
635123
636079
742130
518268
602251
625731
892392
852066
686070
693111
935638
905280
676513
572452
935018
567027
685256
757582
560074
570415
789367
815251
521100
798081
859988
979150
631047
504499
502375
803874
501510
666324
943059
807070
936428
823976
874955
507308
670574
939931
963873
881334
500407
661541
849999
639057
539433
639017
862638
694327
845243
972021
825087
527532
636140
603339
863863
771553
548878
708986
972431
577775
615782
588457
539849
792401
759201
533654
905772
665892
588250
747129
992893
840300
797006
634050
795522
883981
770278
835965
681007
847655
513113
791876
653174
660410
895255
713558
810561
877876
991237
697640
712072
901831
577221
808022
525581
767717
874115
533092
511926
993621
502342
605843
701337
696303
572471
795068
858933
875727
854417
782752
630789
814387
560773
547078
737286
812967
733312
906809
902733
575447
767314
981257
572446
754386
612902
736000
725026
838070
796915
843551
832722
873911
937004
548081
940182
535455
879321
833018
986789
586379
907667
941952
919414
648403
861245
507822
967900
600455
886793
507012
511202
827295
670255
897323
841462
679346
650292
654803
738850
781465
900783
921496
656293
620017
897482
914265
954411
617636
641768
930510
628015
581650
667204
955524
743926
568173
921767
543021
788190
954865
741384
936024
526486
597125
528011
806405
899106
639881
847959
952735
920267
861074
857600
535747
925893
734625
808011
765540
815063
742131
861431
702075
506244
861748
721075
667729
769258
640769
869832
920688
980189
642753
717173
702003
976218
603160
998726
901629
532873
948234
594422
548406
554076
993144
908366
774768
688990
683162
678202
695652
876914
773144
839526
546721
887290
590523
577757
913888
561343
928825
910482
772209
623385
831231
527392
859689
678337
647211
544358
611575
764665
781139
992619
623527
922858
752718
933592
802918
774974
863897
859699
745846
822634
651085
613800
737576
860947
691049
502716
820381
770193
784005
659402
862085
567462
512156
766328
989297
790947
871909
523625
884551
798594
675783
834248
534178
724365
991997
974497
819364
891756
994801
677630
865337
944871
590643
910685
838755
577125
693614
636917
828199
685062
774504
647764
794109
618504
996604
708914
653225
866340
624298
761276
580015
513489
826476
585964
835325
967254
839618
861095
612081
503245
631889
877110
565081
685491
678350
702500
744833
619977
972145
738454
645101
771726
989673
685038
702688
604808
641274
541432
674732
969481
796337
642157
940376
769271
792288
776937
997810
628306
790720
819874
989647
787266
830472
582366
892835
755447
593435
550239
601243
762537
851737
765151
671018
965427
706290
665208
632753
881034
907521
577050
975706
700496
638784
852614
584989
765671
770776
706791
723665
550611
714253
768484
654403
755446
501034
682586
710007
885855
853607
644269
933729
520769
627481
877252
646729
730839
540776
737685
546970
907696
586089
720524
559501
818059
505283
561055
982307
693184
989412
963799
509456
752096
835871
582008
648580
791911
854033
969163
955799
770774
701592
581649
946470
507530
716363
812334
851543
877334
752966
959231
637648
634665
716460
924585
875952
979980
962625
528421
926589
869626
851482
664680
821316
867277
983059
927527
952273
544788
972981
948509
682614
606122
873033
593732
840144
898773
905511
999035
608371
715266
608803
998959
650586
925773
545227
978537
551444
961506
723343
557867
656229
565495
986007
736094
503926
646916
543216
537124
651059
567686
678791
905613
567269
819534
786416
918483
646967
552908
774415
699313
821983
659908
595839
676086
755102
642612
609581
940909
707677
615853
882434
900487
826649
528814
648480
850210
972253
803262
640492
704766
726024
634932
683883
626978
780428
860942
808402
596586
650373
864349
557403
777869
978643
574777
536541
988925
704934
610722
890099
576731
615166
811498
870450
811046
611331
910171
634970
656162
509117
928614
801574
731044
989115
861705
688204
703797
523541
866140
940172
920737
861495
723562
541972
902291
825195
787754
856400
680667
542301
800333
704150
509527
926998
747044
747857
546790
858491
710819
515979
994440
870552
656268
980372
521138
786768
681221
544323
604410
863769
576187
633900
524719
981810
610532
526264
995087
874004
713383
820951
808473
809617
941687
860376
735807
833949
745995
953856
828544
557934
851832
783605
922152
582796
617332
836759
998677
634787
897241
861928
676239
623312
911655
820985
997638
557644
919225
653948
726457
730317
710367
647605
824258
837535
998369
590801
777115
527113
995125
656578
658418
713370
962604
979547
759904
769028
790324
774562
532810
690556
600638
865291
714252
899745
518798
517603
895491
692532
624789
809460
924848
918091
824736
593775
571784
613503
748812
928866
703194
770076
638831
676458
891379
644976
832531
855866
860159
850008
648089
592518
947306
762811
640655
572243
867191
960377
936981
842343
645671
567451
823356
784426
727207
876672
558064
661853
614250
999341
797734
887575
624719
564418
895803
939710
900968
853816
602481
831941
778658
556100
980079
848038
671424
694367
524195
873751
748869
770283
541783
989726
593736
566919
543430
976360
849790
757365
972778
884453
732764
859058
533355
749108
750527
504764
930894
700106
919240
718126
583704
738328
656914
605749
587088
990497
691931
890382
733298
632283
832332
723566
618164
985668
907881
604020
836569
763708
685399
732561
902335
500628
701046
579981
605027
542141
913597
763688
608868
942182
635296
951411
806043
692558
819596
844806
816000
708163
520778
769879
801438
882016
770188
936369
903212
899930
946041
521766
977972
894919
983909
573698
948066
837920
616408
964406
829055
918028
710656
834834
826007
571570
565718
747580
641474
629330
681618
979072
803102
582246
921264
564013
798813
750654
584109
616981
621996
911793
742810
635213
733428
532711
664538
832011
597493
999225
999930
787201
940643
762327
758912
952203
647396
774954
887200
792471
606956
755844
955952
704757
650484
671341
916293
761135
536424
982771
720236
579711
977524
671965
948254
632679
589063
646977
621989
743386
635984
975172
798063
564020
615390
658211
666606
559513
559382
570239
791713
586601
581890
833791
986913
525270
739650
605207
758506
895455
924173
666197
656798
821205
512281
614887
728268
502019
958596
683971
612580
885522
675441
676774
999002
654520
757578
826520
972334
679196
542723
884914
654299
690050
893807
975530
702590
705195
918098
733273
746082
768922
738221
574006
989305
540612
893426
570845
551868
935786
801216
955656
847755
915494
990367
797638
772480
560565
746394
835498
812504
839255
698640
510251
974443
641585
587432
895464
712147
518143
982066
576327
760887
516174
832789
904302
834457
931875
614481
613168
830349
795722
505745
758617
575653
533658
867436
838510
859046
799550
690097
653402
629286
504898
582200
692715
589934
903006
830232
623664
566092
964065
952353
715466
992656
884146
505150
526507
977650
728789
765101
606451
868013
585450
904344
679183
887329
779817
889487
876832
897361
793906
549300
999659
604463
668949
523545
539384
781039
962887
629768
510507
984604
906961
739050
611422
502274
624791
525519
571571
556868
921703
755557
504308
971654
768782
503368
657977
705265
739334
829566
839876
982100
550415
908338
856471
893338
965482
606799
867321
855952
773409
554592
549816
529607
536477
573894
940764
992486
999243
895367
698111
787530
539776
979538
602628
628687
759512
824256
838320
676594
593562
979535
957347
635392
634027
856138
717983
824802
724183
793034
671561
539404
811079
939401
920771
729782
812681
971903
675377
927757
972851
772539
651480
546390
600894
639350
940441
712992
895289
981962
564792
510448
759697
943563
987042
707348
858439
836704
812417
621626
530520
629519
501898
862413
906024
616358
794872
883420
844739
612036
685407
861031
500719
843200
835319
641730
804453
558986
772305
507401
836151
973034
564364
572159
683408
783951
970498
575670
837060
944949
958518
736747
563354
740710
569358
976889
516059
687761
603821
826704
873209
571852
866268
926536
620852
919991
502622
703887
756871
767663
659045
844856
944907
883526
873015
685999
643233
982733
559513
962530
579606
933302
669624
664084
829020
702292
840577
785008
621222
952207
841915
820544
909958
735134
597423
693009
742498
621830
812118
775112
584252
637133
569399
773249
579369
927871
888551
577369
866496
793629
849655
618751
504586
976034
792284
569512
742164
976113
506862
686929
968950
510618
570226
883054
544112
667090
624778
781894
823928
538120
511220
518076
518975
501122
609863
977920
607858
722148
641847
894479
539848
557722
625156
855137
920097
702640
838798
969448
991147
587420
737642
668632
677030
722866
790782
527413
561285
566511
888398
990574
712952
716749
596727
710725
720988
556346
592001
834001
735569
765171
612812
940481
729417
868594
635454
714990
887913
788104
679288
533041
854406
888679
592122
548869
532947
627540
516685
539328
561056
952232
611148
979652
717876
563254
535026
611915
773196
884348
690476
770916
625246
870666
580496
639903
594068
975589
550932
694698
754041
836884
941037
949894
707686
995650
719454
606568
744857
522046
884532
808247
818217
619244
575479
923122
583375
796562
726143
986178
900337
720618
506439
780208
572666
653277
908917
623591
730218
573210
638625
630769
992882
663588
563042
938474
639455
666618
963872
911480
755755
671403
983194
825979
891093
562159
672274
774273
536027
746534
792697
782625
813403
615395
916690
784277
842062
662591
792917
781184
559261
698158
788092
602841
736620
874985
705643
527573
949209
701598
627577
881151
961502
948315
837424
623734
511163
799458
733277
637111
966876
782458
752523
592075
806318
806330
975585
897745
981287
854756
551620
674518
910847
580090
500096
553357
738117
766725
510706
897922
525047
693364
541761
693253
765743
582668
701902
564731
921840
787745
537777
814435
883385
938344
695223
656138
946860
987226
838888
848074
688391
549630
712805
755599
763969
602409
922536
827841
561045
845010
685450
562044
935030
829779
994308
571933
562885
616848
700160
574338
588569
508230
680598
581834
942043
848007
693798
632459
955987
683941
938080
580667
732890
618752
880938
651013
922946
863691
567412
940876
770040
619510
578659
978671
675827
902636
511623
665495
635360
927339
646716
662610
544707
599309
887035
511912
638968
918280
787960
844535
620709
990091
598138
779703
997719
819032
898462
773986
599342
990795
770729
905049
806111
881868
687114
817822
766232
921141
613760
900102
768801
656236
654258
962908
795091
946081
862905
602801
853350
838185
951933
539929
503403
970882
997109
590278
869796
878247
732089
918213
630176
786118
965381
569581
703507
888406
605109
936861
774837
839286
589562
704199
674199
816181
867458
920991
710630
764374
748510
771790
715085
592311
964852
756405
689832
744159
980520
681728
531399
793634
680813
782925
652573
577405
855743
806624
895737
992169
849454
597859
939738
835080
644580
817336
690713
875882
868232
636426
525055
799637
711382
937561
812441
714126
718205
659876
638584
853864
962749
588452
540646
973900
875123
929617
855106
631355
950155
908811
549625
912272
942978
872713
979212
669705
507096
702798
748926
802924
895870
852183
873828
928940
905928
594454
565835
560867
602470
561777
615643
912458
877528
943739
757090
938384
521971
563066
711214
875378
842444
582125
690949
605978
917092
936749
973824
686196
503674
985966
872246
932078
556515
574941
915940
823607
791220
717493
981857
648798
613748
533218
585411
898848
519041
668731
643896
941395
529337
964060
866868
505141
514101
799306
588850
670859
744573
671660
938268
855902
925639
808251
963708
898196
529608
921658
687713
799318
500897
534297
568036
945867
590506
927129
899729
876755
684557
655026
975146
530216
643305
853618
767300
700260
979991
756381
692089
985407
919161
795475
952260
670569
999477
958596
812340
672155
691863
524335
600736
615627
791610
964026
953298
587860
564823
584196
863314
662839
553353
806610
684906
963298
791722
949103
587665
668070
890657
634161
719658
685160
801091
713146
676903
985635
830353
756029
687877
951696
876862
806852
713428
676119
972749
506456
881989
746593
985983
624836
836390
831345
938544
655917
967282
824788
699902
912892
856155
545124
618931
577865
852941
953953
646309
882557
782413
622132
587356
697463
516826
578347
795198
520295
932570
713528
572941
565578
963580
522043
681949
737798
660609
881896
985614
538251
894835
569181
649560
756799
878049
949711
766798
862586
674234
680009
591119
540106
920767
517364
633162
999138
857925
733928
567683
618649
597608
969805
918909
659987
557914
666544
974108
684382
933035
888036
907435
961558
926628
558337
783472
610229
567106
766373
946792
575134
790568
908677
928169
810970
768635
835256
577166
840597
832695
851235
651417
741432
508091
502880
959922
553666
609366
563759
965145
525873
719955
697314
701457
621424
927358
943147
887149
775517
791563
760095
635559
571534
878107
985499
900789
860928
782303
671297
670053
542695
941923
807543
936472
757001
974529
688164
895176
796372
849171
873435
531189
562770
777028
846669
939089
710474
831565
656881
611851
715417
915943
750557
866883
577523
806246
899132
760376
640487
710549
946510
734221
899083
549287
530859
984681
529572
932072
838741
651183
946688
658173
574753
890977
695737
693277
725932
815456
669344
770104
685075
969639
574234
553178
504683
952281
555774
717269
551117
693389
938426
850074
748732
932253
671694
570736
769019
920068
680540
944635
514916
968451
639731
990533
961555
643149
653188
906917
993145
643785
618655
721753
930231
745113
597427
744341
835670
612666
836574
936299
569945
581901
645527
958343
579782
716565
655154
863295
723299
883103
655104
565026
664889
670442
760478
986556
774360
783196
532156
533195
866955
969069
888900
566860
887978
956856
511306
776876
924784
734278
878425
580532
541162
766325
725308
516168
995423
791659
606453
915212
610482
778817
660925
567717
967854
581833
578025
661670
937987
943179
606021
987613
620432
530618
854966
552208
583973
561108
758891
746040
606977
541811
942438
710380
512901
771761
937150
881011
509391
678210
880411
860191
981231
518576
917688
886643
756982
867277
501201
669387
962089
541749
801616
691447
523280
731795
547806
916407
622568
991326
803222
999866
670263
677940
578108
784280
892308
848082
715754
861632
815818
778621
715803
758599
712395
958733
991500
923857
920411
837616
859311
566954
599003
769443
665158
940309
789079
560825
658337
539936
747495
876489
812914
578402
907942
789312
564593
975667
968721
718155
586885
974821
877848
917500
957569
916036
761348
954636
774689
805365
705548
620431
562069
811752
703571
593972
894919
716440
972790
618376
862383
908995
778427
638584
500710
824879
746576
771608
940466
533047
898587
938483
644577
814777
560256
708341
991749
972610
591569
833706
858364
636123
568937
827443
545186
832390
916304
947001
893361
568747
571169
590407
715663
558832
859370
944682
640760
749431
875182
756607
757992
982744
590003
550758
776331
613119
725053
734848
717542
625692
511491
639375
616900
631167
597698
658844
901909
678944
890812
608288
792531
603163
884655
805979
931743
667814
951240
595166
674093
807557
871114
835085
832894
940525
600510
733680
903509
757572
799010
801465
770733
879456
790230
987511
646449
958906
826651
930460
854873
781281
925411
750753
745024
556301
906511
767732
892246
814991
517557
727132
577435
917918
747100
846360
802067
917702
598191
788214
550818
501519
879369
600598
735301
658326
503063
592369
557176
609452
907635
817465
569463
578437
801386
908167
909004
674968
755403
785422
843805
700658
944011
608358
814326
938421
944620
646100
725231
764085
750106
861401
939332
923079
636712
763487
949866
811455
620226
786203
857601
725626
890862
908056
767081
931769
659537
956413
656178
693941
916586
688043
621079
877296
637822
594206
852809
928898
868514
964536
677108
509683
739392
968420
678041
660989
854840
634380
561851
840855
589229
889557
768672
775750
520483
808546
930612
534788
986743
989141
907665
828627
862606
766967
561732
540316
587845
756454
564227
720924
892999
764558
754866
602450
661275
865432
657462
667788
900561
537180
809236
790789
532952
868386
769779
851308
517514
827614
517397
792411
962149
558769
979949
551639
766756
969273
815920
644971
505987
810792
798956
761785
840783
680393
973670
923261
657756
849564
781061
984899
705151
549975
874703
765300
653703
597927
792680
622100
528217
639464
709283
628133
640725
899171
965824
750170
899224
763431
557801
519134
714839
716127
605389
724335
854093
933433
626476
527494
780496
787509
856929
558435
740537
924080
807467
653472
629649
899755
854405
904400
567115
991048
866519
835083
761525
713020
851967
864737
917131
782283
660584
627829
938561
921845
500867
644385
670786
945945
759214
600412
802518
817233
702082
928994
835064
707816
659433
660517
743354
504251
973150
947242
682416
545492
613951
737688
965293
607482
933502
850643
835227
640994
645155
536097
889744
810682
966829
637802
588792
908037
797708
959091
989261
872636
879186
974048
914447
546466
722013
500429
804393
770287
878983
996359
647387
794320
989186
667093
808429
810579
570726
518423
549534
686258
927014
810627
852980
636726
862138
751522
578214
578328
718176
945690
505481
801673
839255
648881
821919
975120
784030
856336
773676
829333
703174
678187
969199
598409
514839
940719
904171
932244
622528
607898
810843
900854
970698
982543
582014
621947
514726
590094
882630
908833
867280
806185
714147
881860
837018
672818
558445
928361
724982
836740
528080
921303
719487
594381
922032
995803
776199
649916
975947
812685
692947
552696
639167
648433
616707
836265
839997
860896
793889
950043
652470
732224
757067
969139
961387
502029
967902
799867
632816
714868
863241
644025
652144
612630
667602
996755
700938
819392
551325
695381
943649
657305
621655
830889
797432
558624
511605
690144
939847
692954
818283
901426
755341
994884
714014
688077
607363
925430
625655
963498
582205
664321
792622
653498
803710
882145
677844
547729
741984
806439
663563
554362
724341
929756
521073
747455
948365
586423
639828
514703
674155
594315
650608
926258
518533
676307
707026
654365
636027
528285
802805
629780
885221
661671
720435
847792
969358
515430
517277
975525
709540
622363
716832
865789
575244
876947
854321
513396
715840
837380
850174
767262
641352
535611
617758
549162
962794
550000
992433
929519
791249
876732
647967
759353
826475
635642
803523
530404
997849
921626
617972
870538
566582
730127
614278
724134
646585
924855
559812
733561
563824
523291
558971
934676
766112
606786
859391
641808
695653
762262
876009
517668
833709
632717
777176
625443
976490
549498
621670
977514
886612
847578
909364
762332
972788
979332
631883
725961
687203
580840
718652
954723
731697
931407
749639
711177
670775
823625
778742
876530
656916
711629
933786
672616
734440
930027
686145
519377
870038
685263
961225
815752
596093
827753
628166
782752
871075
958935
977034
942175
964132
724820
845749
703735
567344
634631
862223
969724
991282
893035
727151
985009
699421
777141
799746
707112
509007
668453
811851
669131
717033
820229
511483
732479
629400
971605
692461
810305
887073
510647
620134
781336
758085
966039
708596
532644
612141
546507
936413
594565
608625
755650
803626
717890
578080
672259
514724
936316
790081
541479
613076
592702
721516
604904
938302
547609
614439
598981
566895
622211
761951
583917
504911
665917
531951
517504
720283
833561
990104
839084
920774
546887
975324
819089
580300
811187
995194
527528
508825
998173
916604
629745
715569
853255
599899
958537
999818
917901
808801
961620
866834
736402
529520
578268
558810
941684
653221
916889
627907
678601
515794
729659
819950
900180
874923
659728
824322
664851
644616
798395
739992
747581
862333
627927
626003
730397
673995
557753
855321
875504
624910
953284
741420
592927
761506
944237
610356
775592
889830
724205
603612
699863
722173
780386
878718
542209
621874
819966
753423
830634
712940
897786
842153
751088
645005
537189
658268
848486
822733
807024
945234
614832
870594
730808
597746
673143
882398
667847
699561
981876
867405
921603
661761
700867
906177
905963
605199
521927
757566
836377
628632
659149
719887
552146
968665
986103
647567
952047
993727
956773
715899
727719
979719
749048
710768
508088
726659
715946
710491
870526
696989
838365
825131
951253
897207
550576
796286
616736
852988
997322
603365
572391
718221
558585
860584
823519
504069
915781
697664
904001
828006
704958
613518
659151
959023
940241
571894
901162
758237
789412
650901
709995
833285
897159
805830
995070
842887
973316
533943
965598
868366
650282
699331
845528
991553
721359
646105
512399
523167
548978
704501
761248
655581
799837
597119
793342
827073
607479
891905
665318
931472
907829
629271
738842
700344
861439
593723
527504
685728
982353
561073
810117
761419
693742
802760
718516
829925
912306
897168
951872
840246
974935
988782
517879
699438
776812
681307
839827
548908
864593
514317
994063
961798
689406
884483
920051
931483
538107
675614
505293
656089
676364
752041
708325
701146
975406
813317
853200
782411
697409
501114
946824
884266
862886
662798
520764
939385
950755
889602
656921
812046
968481
938206
644126
991328
864582
595966
775073
755171
520015
974683
619319
820422
704807
994224
726935
731948
831567
873017
898502
706739
771407
799213
652144
680237
881517
804660
816481
633225
979550
828394
890008
776215
659634
635196
742833
689590
939514
630700
873126
582558
510497
568772
735155
741082
613643
705789
535791
659962
953811
797742
898742
720390
830717
583632
804970
543380
564678
684595
848491
796321
780794
574317
802894
606186
928296
705929
867040
947663
799566
511970
994590
942800
521449
532872
890693
915668
513517
722106
523036
590039
666580
696080
894628
554124
920031
552849
651167
622658
765108
846392
688799
797434
974173
800175
796194
848254
544772
612375
978310
740020
527146
514031
897959
715982
881559
891891
862675
803848
779761
573273
663468
653396
620752
507608
899915
694748
689894
787925
523823
998677
702020
848361
568454
900645
890188
987051
599564
912687
968179
888551
522047
797895
656445
788199
889539
551772
675878
635322
742472
827724
570035
552472
744069
702581
963144
653036
866960
586997
904631
835442
541986
670715
928935
694722
950106
518984
696238
654417
890946
518387
553282
898512
784924
680413
721127
747892
604450
910250
791825
986639
523142
643346
796144
598051
930555
706533
873268
747715
890554
648739
716144
512081
967630
728508
704196
914216
665231
853896
582556
916029
661035
770704
762477
564985
926380
601162
790449
571630
815635
833784
734637
560563
575279
521198
962131
951937
801786
807749
605677
965272
857907
857391
833843
765922
662452
647493
595790
846143
638024
871969
577476
849291
680472
763239
734452
676892
833576
698034
693151
689665
644546
792462
910467
896121
810661
898931
982451
848286
765468
732643
590771
567780
598569
943076
991591
849924
992677
765231
748939
578804
967702
509194
939054
610694
825376
726037
642471
619464
826467
833191
630241
786802
859530
967898
951803
859162
652597
789699
836122
946157
931038
756076
869943
853550
782659
921717
549082
539676
525953
696143
503055
872772
781080
546983
536051
996523
783901
687450
835226
726640
598438
933031
967326
531574
811312
878591
535050
701255
940307
714673
675818
718795
772940
666680
503473
651740
568814
713533
939699
800214
697838
877451
651160
957857
575308
605922
873212
549055
626425
726938
968028
982992
790948
817797
509395
760396
635994
594638
751363
510057
591990
931575
596426
947948
766123
946142
530797
933736
663105
869158
577233
714935
776162
831283
827166
525632
733849
872761
747754
960442
690947
629175
893525
776644
580509
672727
904003
825364
883514
991911
761185
872388
722814
867916
750313
518081
594933
821183
748535
756300
504583
810581
696935
994469
914568
750123
586917
809016
870114
972222
744234
509033
960406
714966
998732
635899
905560
688328
578734
748594
952207
503708
753188
789622
887929
618664
989397
725910
545507
561596
753206
704257
898006
606658
561317
849720
533174
632365
766959
996542
625975
647336
770843
520579
868473
825866
798672
761606
545622
576311
521063
853129
657553
755453
808565
902261
932067
703183
669720
780198
921571
913530
907189
771335
824270
602580
616052
504297
738797
856809
662766
532571
864286
530711
909861
932910
604462
926844
610430
652018
566295
682950
624722
530064
715556
677253
815671
952444
825223
919642
640772
899640
857254
633182
742137
678915
913189
902773
560765
723742
642827
739918
886103
554198
797583
593444
763881
797637
553727
729297
864716
804170
864250
897131
777790
537013
971189
817840
849081
871177
832189
951972
670816
732095
510277
668096
739791
965046
577330
735102
863119
913218
893838
547643
704316
758028
753812
722725
985196
612157
907835
907366
824903
657994
591272
638633
567308
767871
679879
856397
809085
961296
715714
902779
792405
630385
613152
652938
690466
707983
814768
507212
794227
747354
667554
751113
991006
952904
604009
757222
884312
895356
635377
783444
993421
560167
644528
582358
747098
542804
801369
556415
934699
505524
809307
785780
870753
713743
760678
752141
578460
599177
709905
622012
966509
644621
646438
568156
783342
546954
839956
577390
627441
676383
599668
809413
995796
603104
692941
582941
943502
795875
755557
807947
927728
904737
571126
745792
703031
681376
711258
788538
802173
616405
654365
991265
528167
984061
585589
970118
519982
840576
579948
577106
900661
798151
903989
968968
843819
896951
712580
612605
807286
538352
700223
765767
949189
722319
575959
530239
777700
875375
774959
701503
697018
505613
928772
512299
592820
769282
796610
600237
897638
853131
707205
707571
578648
520198
983668
914255
796864
505208
884910
849897
702239
635221
512970
926546
930432
635367
700926
870923
654583
757739
640048
623461
908259
944980
938522
988605
690111
899129
566668
655650
769636
752175
558781
739044
643183
810073
682412
553893
507483
876856
897087
884936
930052
842296
622832
868588
540878
785057
710291
752467
789601
717888
757927
779223
502649
893163
887127
837660
818166
846371
840788
847577
633777
981705
851612
524072
594481
810330
777875
543983
698410
702795
999169
543557
639930
584518
571193
856110
764470
689952
963027
656871
592612
697555
645137
724462
576153
745411
767302
931304
786840
873764
797757
529469
573962
774573
951218
710903
694118
628186
502334
792460
573847
703715
861010
942487
842068
672174
703943
953777
920351
661066
971810
741153
709510
923094
679398
872812
518586
806128
778058
645298
559075
859153
572742
824286
738943
774952
690584
820581
688013
581811
980450
829532
921835
716899
665368
530857
856800
811495
902477
982864
998513
762575
867516
853401
928015
833120
774620
580748
949356
511684
706477
834827
694191
787077
964075
905895
636963
862607
980930
690833
526894
632992
614728
984988
952749
985463
884374
843904
698399
698438
543448
956284
593161
583662
518391
604108
944223
713479
508545
531300
923616
628936
995070
617883
565692
999106
882640
926189
687362
565994
646882
728468
729228
874890
729762
696899
733781
972121
692644
933942
760076
560450
528005
977716
752265
934810
598220
680352
749538
577118
506115
662329
803025
548704
748465
877915
647015
794955
620081
707400
986933
554160
680888
631626
641706
606059
964498
886597
876704
919485
867559
565633
635848
730299
995829
930797
770993
669764
828575
915529
663751
839233
641017
933108
865870
588012
646065
605209
836576
951340
652902
531291
769988
569407
674345
626377
692419
613272
598105
954632
548391
758529
626832
558902
502491
553138
925652
934878
510439
779997
541007
693309
629031
886750
545948
801666
900861
991749
587763
968040
842157
783572
670178
924301
700126
771513
545893
981034
875716
787994
979865
511959
547244
578296
731649
977377
996981
950147
643338
901524
735266
953348
937556
952547
532880
926179
765886
645609
502009
535097
921750
642194
568948
514922
617208
708803
690362
660254
965334
540890
921452
735747
940633
966484
696954
895585
560065
945711
756712
779712
635917
502371
540380
918660
551048
861784
654431
660883
680841
910647
839047
772873
576378
727697
832339
730873
882123
731135
645089
577313
504274
839372
687786
926985
684740
853086
782147
533014
666489
991993
880729
751940
623175
643036
996982
908240
581046
974298
813534
727287
724814
562531
600805
895286
568974
913950
751262
948510
857605
597294
931951
936491
512240
725147
890907
559381
533923
792608
933081
615451
962587
872253
927977
743433
598752
838958
797958
569888
892145
816757
909602
702244
742194
996707
513478
795417
598721
650773
607831
592650
859428
718928
653799
718140
618926
559399
869383
763822
709522
678623
613466
703432
672675
527171
641062
847900
515931
908403
705879
601827
605893
601922
566246
650338
985312
743547
717597
718984
743339
933183
671984
766983
831851
540698
534402
578352
646284
689653
534849
674668
760230
638999
765075
530467
625432
775772
612181
933197
772312
889978
577521
887980
767329
839111
502648
662111
795467
531432
906009
983027
644500
882493
678093
884091
512453
827157
727123
857144
836387
583913
967980
541064
938004
549492
693715
666583
934876
672085
565933
669131
799013
810250
572875
573521
966316
895181
768568
616279
525116
982416
778650
896721
680421
932248
887018
690851
834419
531547
813539
812908
876557
860585
914041
502996
852044
656957
553121
556983
804794
878852
760908
646666
788161
735090
749230
715847
751322
972711
706949
510919
577523
911568
898610
669465
817101
765881
830403
737787
754891
855731
584543
764463
688381
665077
760033
980389
819638
500081
611562
611642
725742
825210
596899
677719
662867
629693
540412
650028
816969
838219
964317
772495
994143
736248
719460
558713
757840
745468
700832
694819
820319
810523
640783
631180
785939
544886
886441
946189
696677
567577
767284
626029
643166
721967
605841
721299
985437
849627
881457
861064
803706
690113
613550
592668
927087
571194
895998
639520
650749
742065
995487
595746
945006
841228
983931
632793
616636
926044
765085
567299
965185
556169
835977
834466
710767
811086
517590
789873
740373
685063
713607
778149
968415
524850
902544
958172
603312
536491
685498
818630
739476
684132
631610
957493
868986
548511
903715
807010
723994
903226
521377
904143
776533
985526
730415
982995
965705
924649
959447
519425
723169
928264
915516
671306
976246
795779
975493
680477
755367
595348
807671
532676
546252
689249
507806
979251
649970
785276
502447
836449
767042
704218
550668
559177
733159
874728
627580
542262
939066
896145
987766
511057
891389
946369
984601
656868
805255
915013
877147
673894
987296
864232
928100
859811
637147
522592
629366
913513
861983
589735
622817
607902
851155
574789
600262
824552
544321
671451
863274
545324
903103
793683
999871
512450
955929
686283
714942
706550
717790
889140
710880
681247
599504
804935
894583
565890
624702
641262
982090
936916
633521
975103
656431
821611
750838
575040
880397
713167
618366
662829
713219
933481
831576
967777
716182
938877
806594
591632
918732
606424
912477
564500
526461
915669
867901
655704
684016
604970
933179
790312
915701
513402
604718
540053
923898
543152
627094
804416
822304
661866
892993
617648
559946
635378
821406
555697
794313
731146
896742
734845
616701
800658
587306
692448
958325
739310
761528
976497
678462
831794
796732
518875
952809
935616
728548
676353
691349
715276
793977
511942
841724
946386
994167
904681
561950
688043
815139
885189
579697
545599
714072
551526
813245
953624
574599
747277
659437
650492
741770
576224
877715
663093
907525
824568
953679
924075
579650
942232
692844
679112
904050
768140
575970
649785
530854
947568
831439
868916
642864
834382
695356
927268
948432
930356
594661
835584
516417
542167
952125
778233
636031
983451
744316
685815
622512
625186
971258
815506
700254
560386
946864
539952
915043
786088
857496
642728
722368
769696
672054
767525
802805
740559
685649
963215
664900
923686
866590
760417
746369
792947
879434
952647
879471
560206
961815
579376
851731
559114
654292
674860
543646
988909
718813
695402
632354
698222
926518
863716
623030
958935
957661
514059
987242
851831
705483
790598
811326
800584
888742
770397
993209
601554
994304
917204
846881
699908
879759
547972
755052
617580
575194
694113
912551
927400
846952
994205
759188
661911
584623
560575
774647
907675
880075
673175
766278
541481
586261
668580
958953
752274
559527
732105
999203
718614
522224
879819
565850
662699
560352
896416
925238
529918
960989
549395
693465
947166
606651
784773
851217
843216
619271
657089
823750
569638
736428
871048
797981
845607
880150
740473
631593
760427
947721
599242
966534
953196
653265
859871
803239
963137
631859
622160
719921
971831
994049
754568
750519
521443
805627
900108
934729
889470
521345
539893
930749
962958
866582
742251
864690
903976
971920
867107
508367
925233
932426
789926
993902
718819
671188
780828
512114
830092
607829
749303
900805
792644
548195
827564
844736
792970
770481
529863
535101
769120
887598
871690
870182
835212
767488
814665
894930
506366
891378
855635
799329
676917
621460
549802
730475
686377
655772
638032
959041
921040
671102
587889
995989
823470
798181
956734
820843
723407
656630
601011
885293
725379
704331
511552
860614
602440
640603
859251
509737
825843
818959
729663
517801
626577
803148
827956
776965
726828
750692
846856
525874
619915
941043
715784
824592
910079
608556
521288
545121
733534
735891
966110
961686
858933
931822
628621
797513
555230
620721
965264
576813
621937
535616
665862
511227
753738
608374
807894
963103
605147
906607
795054
933101
695925
847698
523007
552461
814982
883431
708186
791880
802608
660750
774327
969010
729245
540919
993420
927926
606720
774855
739703
711570
600630
538576
547646
970158
873993
710051
773028
513894
778952
611505
831053
725505
908775
805108
897592
830298
688297
934476
597553
957286
979222
832054
525076
595811
530162
711796
594476
699596
892361
931094
542449
722063
625969
729491
518330
796746
708113
883697
655523
690272
827670
698285
552744
766137
842993
841147
909549
960881
671560
648977
517136
531411
667908
509691
900831
811208
606220
707279
537464
845587
693999
683034
841274
603226
522174
973497
848560
733066
674051
746848
879307
633728
878867
630031
801816
619806
990823
673598
545069
803480
894715
679165
612807
706970
783316
748859
842529
901646
581572
728040
879296
581045
782852
704756
621874
747752
599868
727512
773233
573048
967376
932022
994123
712997
865928
571712
849434
903515
671584
944052
882652
901121
773013
864952
708871
656768
819897
720961
565757
877252
865248
899956
666701
973869
606207
856638
736077
553517
632669
917990
648655
753706
565742
617600
548977
710919
784331
795402
557641
706460
943851
997105
962699
980255
980095
609616
916992
917189
773806
587086
524671
519289
891658
978235
604681
861952
680021
830675
675605
742712
683249
808504
643961
979796
577546
709218
838602
556834
627339
637681
853779
519463
740508
743018
874468
640692
680453
941669
994638
694035
961766
754420
609264
804873
505888
775780
527355
667810
706226
851900
923696
608488
773475
662446
836893
726039
879753
568320
780950
724709
817465
787046
916220
844476
986007
860863
550830
918510
783244
713996
897138
722480
993118
608455
980412
945895
804574
765530
688660
708727
951813
923278
711822
552191
546040
613075
997567
518628
991889
976176
523369
525437
650136
808025
561271
522090
774386
704032
539175
964870
670136
770974
719673
671660
788974
855140
864429
611227
853980
870898
692455
858116
612525
766316
595755
634906
860878
600548
773776
674727
811011
729462
608103
744631
678218
567691
804033
760540
614999
523765
527494
503883
867430
599099
851104
938521
932720
972758
650570
706304
695368
724038
631258
937462
951838
554827
765931
723095
527769
885744
699341
771383
798624
518358
624225
644457
738116
548386
710858
579973
905729
801721
511187
695601
971337
768154
901439
965786
519842
761661
847474
889982
870296
621078
601410
992577
849101
982646
730024
546164
636354
569250
805073
713824
930541
810010
710467
978455
573240
556012
533310
704096
644586
996608
528162
758402
789256
752669
898667
774264
531888
580838
542659
622274
743104
787644
779404
592137
500206
548648
712355
526740
835574
727006
531020
709683
544856
567568
808105
896299
592317
825755
910600
517104
834925
721161
566621
556872
953414
894449
805861
934534
771111
664709
546905
936060
833352
573004
823330
673267
903446
939810
689393
833765
855580
712464
559625
812200
744108
986688
794010
872227
864385
883456
615195
728434
540913
522937
834738
530111
664450
588040
991661
878659
895540
553946
624256
724374
742729
834021
780709
829744
977611
873447
777983
525293
530493
940357
778835
517691
538563
823994
853080
622201
619388
866035
537164
922285
818933
513137
950136
983570
733030
542854
900910
845352
893871
555107
709245
724829
641598
945689
601537
935011
599694
943363
666359
747387
690414
519483
646447
933843
913766
683018
993249
681018
574882
762904
598411
724560
724764
913070
739520
917243
814673
976098
666806
886117
577248
798455
639455
799011
533843
699557
776720
810762
847026
630868
780245
531489
760962
719920
580036
993289
945663
806225
837411
968557
984061
513614
701571
978670
972365
514140
917557
649639
664412
833757
771217
629797
958874
742313
588850
762970
633901
829223
874531
511965
533160
654971
869648
619156
574547
656523
674902
502346
826716
710923
587236
721888
600563
619510
567985
977345
944642
919196
688900
503388
552650
603466
535455
595617
831503
808103
733533
533544
799131
779536
836369
985224
517112
798258
944091
771566
592848
594422
624547
747468
679618
546654
523396
870667
664840
887035
997401
771056
951918
831576
661974
774287
520451
667665
868570
913460
865850
635962
755866
710756
894991
584039
812625
874659
905787
591190
769036
500767
916078
811261
951037
609787
585041
710257
904617
871073
502947
582522
994463
682075
928784
824036
518779
981578
752391
708541
585984
816306
564589
946461
821267
980881
502116
719693
546796
625796
764250
652477
824990
503297
945767
712209
825102
661412
600879
763456
550717
763549
953358
506429
559352
643615
886444
587051
640415
715736
542755
821057
638998
798318
562897
546496
586395
766888
511040
782981
944495
757996
585070
678684
693482
824580
834649
813399
905719
698781
977519
638167
822351
501339
666692
743130
575331
958846
509828
528062
866815
596964
900845
629712
580217
964309
572341
902182
566030
988594
540989
517240
771317
546907
813746
917061
501875
879798
856593
872142
866333
756696
840831
899257
885920
579306
664696
826060
740511
720750
756322
628910
903948
739674
603471
887353
607171
719518
928034
546290
672409
736280
723771
660513
678575
619748
871955
519985
980285
747619
997368
647755
965037
915385
928314
527252
723409
920240
751600
838997
716565
611835
945622
587073
896266
568498
676705
997045
809680
817168
783006
694109
966373
997215
609764
543592
593326
866435
661006
734045
990212
718835
844651
971152
584278
876664
501794
738318
638622
593016
809060
658482
956336
820285
505678
557008
926386
637979
840341
636698
875724
744275
906607
702795
570522
889502
653221
874410
722381
666730
861647
752671
544069
791495
716315
723493
882581
582990
779127
944999
622437
605878
801019
590033
613750
659490
814766
610386
581559
999231
998044
949723
678330
916076
551796
610752
577087
588387
590296
886173
918424
556255
916130
687887
638981
720454
527397
895723
968385
919391
956645
866144
821028
645960
505849
928002
830622
917413
862345
687534
730868
826932
846303
863738
629803
878136
831477
609675
534452
809888
786194
630628
645794
900416
662578
748065
594649
923013
960157
788406
760570
830647
967092
719453
875213
711936
540147
746960
907329
726858
941909
802992
723455
741718
510213
866800
790053
920995
758040
904731
851023
982427
794498
632385
713141
659239
608244
521257
926622
654594
883502
517375
625045
998729
586188
796686
780446
683102
630685
883540
741384
571537
577828
766276
845363
707819
997303
766954
603687
706804
953348
863687
808561
615159
683496
642945
961184
542499
917568
736973
555455
700488
624969
961783
668109
922544
567035
866801
848306
909909
894034
713492
578795
948073
637567
698662
837889
906684
877469
997785
853499
538161
808269
841377
597663
504384
601218
602932
542052
572348
831973
882765
885813
977689
826247
756680
671492
706646
934450
856247
649740
697011
514880
648121
590188
823822
699325
656779
510615
815972
576679
840787
710470
592758
746243
564557
981176
890611
783936
926393
797382
692958
850127
743853
543780
764182
992308
522833
727806
548064
611726
838054
680718
643343
848443
890472
699094
903526
719608
633723
946508
995473
591649
524180
666374
638300
913615
705876
924716
678466
714246
997593
831289
696258
827991
706910
513299
600393
509955
846536
928338
716897
747059
924142
680628
546197
934507
787579
899535
930442
527525
788931
577996
676506
691044
615891
937438
875349
915667
866975
720188
621536
601079
912745
730024
831807
908740
954094
940845
553296
984825
504532
820147
719139
799785
823245
594344
841956
913813
768224
834020
651714
769111
764376
584768
558492
692435
977325
737773
636083
697437
612690
777157
538439
631227
571142
552028
678961
907242
977130
532747
902621
889343
907537
631064
851199
677588
656780
924198
513169
804316
897734
741097
810688
960456
636787
760047
718062
965254
813139
959252
857935
595005
524191
685707
684319
693845
807234
969435
648473
795524
564837
648111
523872
701164
880012
576961
890838
502630
930469
999706
929670
555150
725303
670755
567274
757792
977969
989911
829300
784035
774139
916890
520457
753405
962382
821482
932978
798068
538859
500709
930835
773380
889589
676367
878574
511166
886362
982926
748113
904891
577095
641472
594480
942385
658966
771932
674237
888740
736804
886502
734105
623722
683727
935831
564477
821630
819207
943093
974274
742886
719080
722564
728762
983969
838649
681143
805661
543390
720635
891992
585067
802654
966122
580476
598655
899849
777262
797015
676718
683357
708765
882526
879455
985789
850161
689608
639447
783680
881403
766243
761311
529753
675628
588342
625665
892714
887768
781303
649792
908248
582447
638343
796705
960252
887590
722025
896232
996507
566864
926456
767754
727458
501668
897401
892306
829837
975100
546321
919349
692165
881783
833730
855666
786150
704079
759588
695112
741888
884563
667033
754281
889092
965505
895557
613845
658647
797581
870631
976325
800726
634149
946736
838348
664967
557380
733681
701437
696333
797959
577251
746671
693529
585600
668896
618511
509287
871757
903259
572540
738447
804569
913171
597382
914070
593142
742451
870238
537634
956829
591021
697716
553160
972645
926817
574365
957778
832105
911129
587815
658728
842679
707617
775223
512166
914602
893239
549379
512486
875847
935601
720458
694334
507529
677900
659204
891539
845274
531949
808073
907645
830875
764305
655236
996924
746970
725412
542397
896405
560375
609283
977443
970268
863711
639643
852957
703045
648555
546049
588850
839275
572433
616367
961866
907826
573365
774764
885411
990809
843916
803579
520980
518575
850479
829033
940233
693238
695782
601792
595380
532195
869752
727491
973602
812814
881695
839921
673295
988932
670105
505735
700596
784565
738270
622721
885703
557899
528259
909212
890512
722868
600980
587484
743767
787821
887054
733106
720975
924899
798123
585304
950283
801592
851345
501758
945412
756300
786957
990646
783735
777295
503254
616762
692502
857275
697309
893948
646843
842900
679953
940899
815069
827204
557028
554676
558804
647383
753081
745972
715839
756057
606877
610461
510033
748306
603900
564751
688906
982802
537998
965846
934993
939358
852517
764290
947882
919092
503418
916388
942362
524711
839835
623135
729402
550923
519739
935152
672512
658487
668967
912874
964090
919860
601970
775032
800988
807859
728324
639751
755675
801568
542402
648210
906951
788003
909520
500003
710398
657847
848694
800769
660767
676821
843953
558266
747798
676951
959793
512098
552486
682139
843916
627558
949566
714997
975262
977224
508174
504964
658317
673320
617361
671002
582256
756350
867892
940135
943103
709686
942945
706454
512451
707394
674968
565503
552261
766864
894958
741161
613070
785514
738366
704812
754959
971434
530050
829873
725143
845759
704414
586151
967350
987437
793552
860876
927304
960194
673425
801836
591762
731410
735760
719081
880652
625123
918705
831811
848113
732229
555016
813678
514333
808355
839614
684140
543720
887514
617698
628685
617503
522364
537652
640510
881773
592881
679739
903505
863948
606924
731101
914013
709522
717009
773772
537136
964040
582436
650437
895961
543604
607509
561066
536177
994316
806517
650944
795773
770576
884986
762102
923400
543611
987845
566621
599013
703217
900590
666245
819770
725261
965091
614945
516208
750768
516700
754450
554267
817342
542518
699906
501511
728137
811582
792293
774370
782957
558971
734297
606222
538188
869313
597138
651714
926623
924569
672765
819902
702500
700419
727915
553199
908190
808562
951544
743324
670214
929291
581253
774344
562317
624922
704102
937952
673437
871441
854786
831599
647869
509311
642138
954955
752021
638862
676869
512412
597221
874136
838068
953850
766481
574453
656436
831395
853022
612238
677451
769673
529136
822599
572761
659280
842147
657917
811043
960324
928438
815775
771381
696742
791452
655582
979093
797075
603218
753698
524161
780021
641111
972053
585958
733354
875000
813018
552482
570850
743066
634212
600788
791939
819679
661985
863123
721114
559041
930147
941838
845180
807138
684690
632296
948066
911392
608002
981930
899322
726201
918578
561202
839960
920961
819935
638714
973811
731787
897687
793848
628547
957841
833504
801524
686764
727243
981964
790066
555754
839433
808346
897055
927735
557873
613359
587521
893028
879028
663005
999149
596562
853876
943929
839992
925743
656791
853959
870411
809329
848951
520683
687147
889710
792067
866164
758761
748223
681790
607239
853250
526962
735283
830902
617488
824255
997403
616339
592492
502181
651638
765307
764454
678597
931537
567670
882832
830262
971527
731655
730004
568392
858064
517813
811649
635292
815108
578249
863695
874055
630097
966991
635164
949063
809810
571708
612998
943926
671164
627728
590464
745929
593974
804817
531698
640592
833621
671651
897903
793677
741204
652563
864087
682913
681827
687733
561936
542612
774302
596225
654760
538003
939463
880639
618897
801748
579359
720015
764829
991910
902564
901913
620164
926512
914889
854300
517731
919663
736650
848434
565723
792614
705638
651106
898299
580060
888850
752073
915527
653188
887127
833301
573030
896143
603307
524543
993325
679039
752955
617233
792765
718772
897696
706359
941147
511352
902179
985897
678658
574875
592857
735098
792003
821838
688839
580037
726709
965879
501327
786032
621241
611864
545175
518212
714227
895995
892634
994925
540882
906605
967581
567097
984258
570657
766189
911263
781342
584197
987256
590950
992760
685217
531045
613518
990120
899840
740059
839390
983845
984087
608126
622253
749929
743608
902353
956955
817696
969467
763126
929974
804451
861405
739055
580855
589490
722092
982183
865130
798907
604083
725536
657051
799546
772045
975227
664120
516910
659148
693074
677565
522669
847441
690482
669002
681669
885227
552094
689517
676584
971794
898640
559947
749904
514331
918171
618812
867963
813127
921834
653561
883976
865034
822171
536659
848603
744681
912839
597151
557147
825296
724938
801242
847246
746838
525014
709730
766812
628510
854233
737927
784006
537395
538050
694514
634927
626617
923766
569843
937336
917325
617915
603619
537674
999607
612308
825124
795163
944758
828309
958392
811047
672281
922505
903259
886941
553136
532256
889054
677861
730097
733066
817927
950353
702458
783201
742864
988703
669302
620279
771628
907811
589654
544757
923490
525686
957885
552120
860287
535408
568184
847393
992178
926537
725609
795174
503259
894956
586781
549768
988553
757767
809458
758265
942174
739382
887131
766923
597283
912107
691762
558500
889025
682528
697804
672213
567935
558178
602126
851973
815009
771540
544660
832684
665443
914171
900597
904218
536144
782731
786000
698764
805407
801101
652541
648422
574346
836643
860360
878007
955563
875106
660987
958488
989320
939893
687111
815957
838931
813366
501890
508455
783658
960794
839592
576021
824792
893341
947370
508293
507869
543003
732344
944073
567238
516328
797958
869889
595042
645046
968289
863675
854782
868833
863016
585067
685074
752801
700914
605219
592518
798776
709334
521401
622555
717145
757051
629923
509524
972358
542849
798697
740065
778692
867643
510378
809236
975329
891123
929881
946118
859645
895598
798379
985369
749216
683369
901226
609612
612837
679545
795969
691240
938609
725174
527096
749971
671390
556527
814793
729976
984323
860644
675080
558461
959323
864386
559946
502479
606464
614911
964773
858420
652614
708350
611455
958765
601667
519094
542506
596229
606502
847976
760611
850962
724550
637357
609873
846294
940519
822601
885147
500725
696996
744911
583838
995990
597163
611231
927132
745416
906800
672859
815862
841587
882711
500138
781482
775098
996099
635342
523335
831517
758861
993616
908704
740928
654717
786035
719110
847899
959934
674055
927506
835285
949579
686202
570717
733709
614998
555841
586498
671790
774613
883474
782332
591318
682550
963627
945818
547427
598604
743876
521473
626970
508324
624970
776188
664640
504665
581266
673415
753348
960797
720263
739905
856685
617312
694479
764403
840763
557672
967270
825194
583627
693395
553488
877951
605738
936141
703134
737034
821197
582948
878955
546353
876458
743179
500081
590686
513035
916380
985561
744632
523705
643741
911512
788320
561950
917453
713875
762846
717841
598807
714447
926136
564506
591102
959425
930026
521680
637952
853713
764099
511244
649956
752437
596721
593864
977788
916060
778337
927766
642844
796926
921673
959251
815194
557623
541553
899468
861268
923460
527490
522976
814647
533445
896297
797245
628023
949849
698597
872200
813402
661265
682892
858125
698551
540970
694651
872856
867321
602956
589627
855455
917871
675060
620644
724233
773483
913970
628573
813092
617218
558962
587482
665107
504770
620542
832490
753326
998662
562716
678373
926603
591885
764084
677805
875794
521890
751039
971030
556984
625603
847391
835259
552811
554952
913078
602351
936702
635879
991502
948050
941019
621680
628972
553651
992888
626745
966671
746345
972546
671522
744134
657594
950460
974429
720782
876927
509420
729979
979409
917146
891173
639676
560349
865426
847418
680207
955826
820144
874874
907692
945812
845919
890418
937597
981902
544750
573772
954612
765575
728608
636390
565511
512218
507056
933962
678933
632299
524261
874811
952289
774316
938526
816572
682537
996123
677053
699747
586624
651595
996271
532439
699179
952530
639077
535480
704407
969520
830503
739168
945275
607701
953937
526655
935671
528256
742700
873032
905401
910462
549077
915767
574510
578267
961337
678080
681238
944326
906577
794207
502453
981291
553098
774619
637025
777473
944596
666820
805452
662480
867506
593512
532519
607412
653639
807194
629345
846607
591000
967716
913170
996584
609010
903681
567651
719524
678285
816329
948150
880116
589694
958993
542686
850325
992808
831237
511760
835066
561071
668042
596503
547048
700673
713594
806563
742885
689287
657038
932390
760618
838636
621856
816892
763114
861855
728060
671609
581074
597999
916866
947526
677072
794418
558122
838124
758752
818303
577566
749183
823557
750329
900207
669826
610001
928135
524484
564948
899815
703332
825302
862852
740791
808117
831362
806243
527152
797310
847799
937278
686536
867633
527261
885412
555432
822099
894712
965104
746242
942272
999875
516365
662757
548510
540339
848433
899056
889741
821796
937985
863136
679914
709851
749304
954882
977716
810525
855292
964079
977497
792175
588948
660415
969335
538633
994197
654126
591177
818652
773251
900344
916113
743847
776453
503213
608105
971086
674135
620397
892552
966323
801878
813873
756583
871993
958193
575041
676374
803033
904123
526904
678535
705258
781628
706260
597584
823425
676028
575338
836089
831732
845266
563295
659465
874171
928940
929862
936521
514195
999019
892593
709217
703412
984114
726661
937822
799317
676192
792740
990447
832978
781623
542821
667248
794512
575129
582389
961729
766246
763065
836945
919774
553271
822190
553176
888406
641229
575739
930670
921866
644058
667651
889043
977837
515340
570385
705912
903521
758497
935120
727710
945886
758240
930552
895144
646180
629715
917684
763789
864140
964785
726613
785955
770803
515646
618500
554896
642367
944027
559474
821514
559368
755385
648739
723889
724082
714558
779173
664318
889493
654058
599882
871181
575337
949092
656128
797001
833067
676306
708941
779791
697175
920750
520992
941907
903350
872862
995542
839048
792689
762610
598887
680461
980327
613228
744003
639770
703468
583636
581699
833246
652074
689884
920090
685820
710969
911218
893573
739140
924640
819008
881859
873020
644370
874040
718727
958983
520118
812438
655931
721547
551578
626721
912244
538271
876548
966622
632955
526354
890338
644068
785032
874861
669177
630274
917558
857877
991885
857061
985571
759192
905561
838011
891699
584745
987779
511950
732155
850103
927314
648651
873968
881838
823547
877501
702704
620772
576663
740063
649930
701581
966772
785742
702073
736353
896519
961516
701191
587321
977490
695074
590578
655027
956895
662082
666817
834737
781658
770046
668984
953782
834933
862518
692849
665341
544370
955182
553844
659708
612007
798654
587763
695056
541953
925457
862844
950768
678631
712634
672330
670083
686692
699761
953376
564817
598564
545979
922610
593846
704269
588893
597562
603053
656585
844899
512375
866208
967032
773254
831361
536412
648469
770573
809241
721205
621689
610479
856310
630215
592735
518997
976519
616469
500449
727609
977375
888687
606558
816862
761913
831716
684650
514457
920231
528281
663226
765125
735767
814679
544789
973699
712078
705352
617821
538388
661047
742043
912173
642127
609523
907495
829079
841546
800205
744618
914932
721493
767194
733232
857420
567691
926713
818808
859203
765270
894398
726799
984320
995924
664706
690647
878669
694827
794027
725618
838450
684668
837864
872332
823954
855527
538314
608134
660772
568504
699019
851383
819892
579390
926790
655632
786276
941758
501691
607765
900892
689367
788733
692757
619052
964281
857645
880651
890944
832470
568167
738791
743482
905956
946210
976531
590761
767313
637490
750675
808423
960910
746497
651732
532455
602351
964862
646591
515057
928174
720286
756401
714687
556783
844703
609988
948074
680794
685526
613299
587546
867533
634220
527391
611105
804188
904152
729113
523290
996648
803387
550661
828456
798202
510799
709039
631424
523880
594863
543901
829781
864625
880502
511866
903314
824604
541935
535928
649600
885106
667879
812204
661792
519082
543397
997477
531581
575107
753966
683459
676033
521713
935608
577881
619288
887946
641611
551786
983721
773681
582058
550710
958753
550645
528375
512697
691016
546058
758510
863329
597732
571249
715176
503974
682962
607328
707726
862396
759372
914019
532517
885478
967242
530859
500748
507243
733979
587130
773491
631577
957294
821064
618153
794110
780336
660882
743429
540572
884275
516678
837271
973240
920991
827859
739572
733105
880928
907713
743334
692371
751063
984125
617040
862772
691358
998210
511732
932068
933086
718111
993363
622027
534238
799765
861272
723498
501577
689940
955441
567980
738933
500372
592782
826337
572159
964905
951741
899888
601484
890437
718287
971718
871968
919465
726001
846050
823735
630382
827119
905892
941021
970950
687962
915956
818236
861254
668964
592030
881836
927177
551883
530001
708034
706692
902360
536410
681848
510082
967685
545096
972301
516765
698951
806244
860674
769109
683098
530977
782273
683838
651884
889024
895328
520101
848405
605534
827752
671257
887030
745380
708447
767566
843721
791522
579279
965320
663236
585254
790962
605456
938903
772889
843806
601682
828173
573274
978600
609088
817591
944708
688703
927350
724915
623252
652972
507214
728226
850305
821178
521970
549146
809912
811004
788156
692773
753664
668111
797092
589240
905336
903409
536954
557018
682358
956112
883980
596685
778779
765132
901113
902373
593764
959371
604617
641908
711343
572075
859370
622381
582990
503116
656857
821163
615971
759848
609519
775948
558193
638296
803122
710349
667870
917431
713323
540686
720800
789840
993678
721843
566276
646046
765532
618718
902137
775865
761754
691865
645816
817669
667529
560774
680333
839977
943762
622412
594775
718220
830467
601566
764021
814741
933678
853853
726878
996069
763890
599255
789385
798665
597278
675301
778087
686279
901045
697232
900470
888351
544593
738586
606535
501798
563601
587647
953355
504967
694851
985303
722729
933808
576849
502703
504452
972897
791761
893165
685192
770104
800302
948383
892974
544069
926242
880993
896208
563399
815126
628797
875011
648601
892438
546885
541475
580521
903828
544412
923361
726840
567899
615315
846604
880057
671837
631085
575762
512728
645146
520563
556035
905296
933217
708272
944904
558061
859318
571687
948164
636723
947338
965687
728629
581322
808663
604711
603929
772498
703347
984542
630849
856421
888322
765474
880944
849321
561289
602933
908603
898981
825439
588811
811401
526992
626327
630190
973277
877083
979527
722719
677302
507646
753821
502250
779047
841778
867900
721316
878403
576999
552373
765591
969230
819593
767560
982528
990421
753728
741678
763153
607707
874162
718532
899329
854024
783132
709278
668488
886518
830658
859293
511172
573120
666729
562683
890967
552749
560100
763480
827572
614892
669551
894379
960380
694172
613889
775520
661541
946549
508115
534028
559667
969628
931544
896113
892555
814172
848629
657728
636790
926485
615456
719149
761233
762397
987189
914796
868236
929138
890221
639522
891158
993677
925278
952203
560521
889105
633586
712005
974509
584677
748895
562242
567792
863735
611103
588988
951511
723057
846223
918496
640824
707479
838726
685499
561702
774754
857915
649899
786424
742556
506673
631222
892647
548250
942621
522373
509125
790613
632547
825217
583185
886641
546652
619830
514369
772598
742028
528832
982709
523994
557936
793422
787376
679919
553379
937597
636346
996972
803187
652419
570019
701204
837646
512986
529076
921787
743867
669488
742137
916517
989820
717107
718039
802840
814941
520488
541866
538380
592512
817042
711546
861012
623609
812213
918464
730276
727830
822044
913147
930562
920488
839905
832208
866358
697644
625496
614959
602942
580365
867231
672766
699003
746543
562991
818499
750227
887197
718866
890078
732629
712002
550034
558352
913357
878034
865009
749833
850052
650382
621117
706443
899939
548193
917712
573208
861953
709864
985828
774562
903693
886889
964312
643313
542441
521244
589218
974585
546200
516319
895909
884474
717943
588074
937598
792983
918703
923752
620365
642776
587083
504556
516446
963628
921179
950594
543175
921185
845900
798303
707337
964641
512398
842182
558631
892235
981142
939587
573845
638406
797658
539208
617139
886696
817912
810895
518250
874550
943007
876280
551437
669817
718661
968232
587799
597690
653086
547479
778496
660248
638610
771487
752494
672123
863180
750945
670233
553042
568961
586250
723212
738312
792440
658296
655601
656417
537849
504052
563693
546939
615790
606402
570957
902473
627440
507882
659225
744704
984581
896724
529411
689228
607847
884317
564794
657388
746022
578569
988317
987397
923284
652681
719059
928477
789085
762208
925564
906148
720174
914238
684217
586560
805351
706450
505667
710722
592392
969908
859105
961292
642140
869651
542126
910388
894031
941913
782175
529377
536352
643885
804703
979919
629220
631514
843156
874487
871788
926078
543688
576041
776330
839933
586331
886698
865995
987093
940389
949833
914666
794906
633580
598229
947903
771701
729728
888096
953309
763328
500262
550028
595947
787366
545699
863438
658865
966433
541826
636479
893247
751706
837511
819695
878656
854499
871529
517670
809363
530513
921600
605087
736811
763695
714129
541527
875263
854992
725205
758531
790092
916988
838925
514809
897027
795344
508857
668399
792930
744645
900874
515211
861624
618599
620459
938723
907270
914378
731611
533279
814672
799418
935830
791266
980318
986721
980107
815381
800747
690775
956612
859393
524135
573600
706686
768440
585495
696167
711151
578759
790128
552925
961712
739287
886752
763601
937914
804703
702587
954008
641782
943547
519212
525444
659836
985118
766678
607635
551076
935921
507398
598141
811926
916516
510659
942364
624408
581725
680106
954134
627788
576609
674302
871804
522816
593795
963511
641238
749682
785846
925618
555899
858468
605198
906127
677572
988369
769725
649447
843572
729813
790465
891464
867940
888386
669933
885330
594297
751510
969936
944233
854823
547936
782868
536165
897471
771771
813458
998687
530169
604047
989959
559902
935622
830756
664814
562147
856941
544729
967682
617344
833637
940833
837541
582964
636689
971553
879668
672842
753210
742618
886212
962581
519941
834727
907964
906776
693502
537474
706309
965926
971737
881456
669662
563570
622268
843587
738869
686073
684492
766221
787492
892878
509593
973851
600260
714758
998676
660302
770441
920926
914032
522906
539806
789520
729143
970820
783192
937206
938129
745791
583957
556503
528049
770910
927825
968109
540446
658382
957473
556542
550922
797613
825554
516014
612594
941154
593590
845684
703179
690246
693439
696950
583892
815349
787773
794525
731432
894915
940843
737015
711656
710343
640028
838061
704666
995880
903579
657133
949674
719507
998102
973311
982209
938715
983961
609305
802104
534325
576676
634627
897237
523544
782116
746713
507052
768109
664188
554790
976611
738761
806237
850437
860084
936697
883602
813651
911953
651830
627312
504509
812284
990566
586413
662061
704498
656281
717999
862761
748952
569063
539675
697607
712908
549229
899942
863422
870788
576900
691237
562033
886251
520856
828745
703715
616795
869987
874428
909308
537366
514956
902047
552002
996057
959114
578806
801503
635564
758441
886121
536231
545951
827644
573498
806975
750858
540843
590284
821846
603403
526738
997780
626126
752192
555330
868940
965602
777560
704209
796436
516865
553750
579150
723568
971574
767487
900336
731918
896373
505505
993862
633539
966526
574775
928352
610206
914971
856248
539246
955229
764683
812364
778218
908620
683831
693550
632637
960833
952605
510250
885674
829176
659335
953834
801186
802228
518699
568667
713939
844301
766832
614637
915275
893718
803167
963360
554663
529697
855467
908994
832906
686201
946646
570124
842606
936100
990852
748954
592057
836191
940573
916167
505714
928308
531558
676696
604322
534790
939539
658134
653516
954861
589280
880650
541998
816697
808369
667729
673408
742597
894317
792995
662243
725791
503204
547512
550221
894311
506766
592961
786073
755245
884194
521277
585491
691014
976860
846674
826725
767486
751351
644593
924321
929616
693680
865594
546970
926430
778066
628901
625005
947527
849021
679364
528136
696432
781635
656059
540299
994316
965159
840642
594931
861364
805471
974767
533122
632622
669004
622429
851962
635357
945651
837180
703820
514707
991545
945772
859980
616472
935786
957492
767943
875925
851817
824485
958808
719831
533611
958906
629028
908141
554015
552797
882936
902970
849983
986705
689041
647742
901219
763645
533446
553978
924876
712034
562248
757659
790134
949207
656055
784807
549040
910055
702273
976230
922286
669119
783370
702574
771202
961979
938381
923759
683631
785655
754790
969092
986332
824427
650152
937990
882025
895164
650924
683606
833769
585075
637329
636761
891992
855666
537868
963522
783713
645402
676716
643615
804886
750736
666181
964842
510949
641122
951519
558753
893946
658300
730469
566026
837497
912816
651622
859964
889718
523496
894948
642428
629870
768568
744216
632751
640700
717523
805171
553064
582589
516437
689850
896989
672716
618800
552080
827586
956016
742845
857205
522174
958649
899041
773231
704834
569879
928763
908815
585970
893768
848596
955387
902182
552233
704231
729796
843011
695750
717901
689602
675826
738501
656167
544507
752597
956019
872590
657911
678324
538002
746956
793518
769489
579674
762077
764371
837763
511147
648404
983356
975671
742481
904635
505383
809985
832314
863653
851123
890944
867070
647493
747250
635954
536447
702103
785771
698319
728928
703206
746615
914967
913954
783383
917351
970853
791573
773746
911229
684582
856412
562056
713862
528796
770678
914470
616191
604518
517282
524288
851283
821699
950872
908974
560778
548267
526872
721597
656124
640010
983562
833312
806832
566473
853822
854037
975287
643445
967059
683289
608744
602136
809574
904421
502385
570472
936802
548360
970967
961322
873936
670144
569954
662332
605604
585137
950842
825527
726527
842688
551080
527951
788160
734842
740730
511518
658338
818333
984148
995391
686285
519131
548594
807340
656090
684045
501667
790124
882163
985424
660810
669558
873702
727555
749757
581589
839168
607842
772713
585996
855896
986284
656010
576129
714038
641941
991973
845056
795488
695510
658620
879532
871824
570108
610736
918382
555335
866880
972834
634464
945339
691873
568754
601462
956210
623174
615740
928680
666423
625612
616177
647176
569788
888185
752928
512284
790422
