9693
918343
935714
578343
748996
964846
603366
829286
635633
645117
668087
581725
847495
602466
684857
511064
916580
748910
667079
673040
650712
794056
869352
528173
791620
736745
550073
706171
596138
522861
981406
755275
973963
906170
795003
942784
852320
724581
718764
661325
897483
504306
666456
682967
856794
709440
773981
841939
699654
722494
970009
833523
793806
974224
828991
848996
993450
678351
940305
936993
811168
687669
919872
550484
849316
892064
962750
849175
637703
605883
745178
925531
576468
579118
996978
830421
796250
660277
572369
551970
638849
996045
648909
829357
595314
618133
932484
696617
678329
872636
776830
590087
827925
508246
939138
903950
882512
810785
905327
719259
781960
543408
578715
609707
752954
542566
746600
710183
755067
614829
526892
527670
914539
856438
880601
951661
881671
757131
877581
639687
532234
565043
777708
997671
905614
554526
965955
624819
547905
894003
885857
719270
797269
603615
853032
810173
853632
588747
948325
994220
569392
867848
827275
867537
891054
663814
669960
601294
833944
989997
504369
534323
612277
867224
861874
678426
932636
543213
715104
691297
735572
753705
688837
929318
830399
585534
947148
987960
620650
992718
884663
634845
687059
785718
749237
534219
722492
745102
552278
813178
720725
713281
810686
773574
565333
515652
810315
609365
644307
767763
735424
726769
818956
594963
592762
725196
508125
635473
569517
938165
604516
643115
584065
839915
610548
818252
671881
709890
522361
529690
710832
584545
905993
843803
725799
548567
805242
971711
691167
986778
679964
842068
941417
696370
574898
577092
798758
849819
836122
770268
547090
958802
549216
864887
595558
930538
658933
780660
760083
646203
535601
696161
850139
904943
805893
869173
988278
513492
549403
845932
562528
991626
610991
992738
717496
816983
855616
935904
884320
537940
584894
591807
788937
714396
793307
945785
632942
658363
555665
858817
808493
900514
996188
803835
891814
777177
987264
967907
853212
525264
768575
665231
820773
920232
722842
834910
530989
518639
780736
641098
775865
888618
662750
724961
581496
707239
988043
821191
838725
736811
565082
708869
680376
862516
707316
566509
718984
659822
838486
781101
639560
681363
963801
693928
910355
934000
693033
570568
945772
926829
559002
960709
969562
544846
573146
902246
921784
602264
511312
616238
663817
732278
845346
817598
550895
610358
633931
723578
806527
614754
832184
524347
889974
800474
837935
821729
663922
510599
708279
825845
770888
604993
967307
783616
606822
756769
819894
853344
705577
769924
776729
532241
724592
983033
524384
532345
750954
872157
896853
737079
955236
910308
806168
721398
620653
785955
921692
502030
615858
560134
598838
983943
623438
774544
883446
908818
510551
947396
888536
934804
868641
870991
871641
504051
577367
554420
711502
578994
732204
727501
800067
706409
753367
882035
726519
914859
785356
864339
575318
687213
779927
806098
840110
548200
893112
946761
681767
546443
839270
602663
882052
871971
864724
764169
791536
863446
541440
583326
570462
990009
829255
923685
976618
654672
679580
991267
842228
840643
770200
574803
685332
702737
649857
577605
871350
536072
650933
849429
787785
757605
927434
944016
941616
639411
876668
610747
980269
607353
838225
730241
625746
663969
905961
758067
524026
756953
689655
891781
564684
835970
510439
863870
597115
693072
855789
992460
521831
826724
615482
592704
546141
989991
626587
518332
911281
739125
516459
618706
643609
779991
535447
756237
945295
969810
893279
859647
739777
874726
741624
996399
545143
504241
720170
988030
943714
583631
825327
726364
502258
638251
702661
762211
901224
873552
870340
637618
961997
675011
698213
911508
658071
716205
776873
939547
510463
843975
626348
521653
917138
808786
821720
548261
784943
655036
979606
745926
560166
586371
774430
742140
822344
724417
804244
622819
992785
964423
556833
731186
839722
827818
806747
511014
959113
851165
799846
775228
725058
953217
929149
759715
760823
787227
952128
556920
917749
531395
658113
688629
664610
583364
632239
505952
597685
820883
781721
512080
769202
777974
601722
686291
724217
972997
546160
766036
534770
997140
592212
776859
672997
800399
586571
504681
940941
717527
526820
590296
620224
537777
621366
693048
985688
567440
758384
788712
586379
993187
715268
782669
806193
943883
562227
750397
766847
938001
822571
985488
508194
655659
575980
752352
755503
921421
714670
861116
874517
848089
772722
987699
798212
626617
896734
540546
903856
627087
531424
736396
839020
679136
877544
554692
720697
964878
983288
651445
724666
640152
626681
949060
692012
908294
739534
905064
619512
882161
963805
772206
922358
657910
996865
800402
671761
817506
506735
797830
688458
984315
534642
953321
978970
530093
754230
530560
540449
506466
783976
610695
801105
848768
814433
746211
634092
967469
555635
780091
508717
535738
569573
596147
932249
914471
988309
602429
681197
930168
640045
762592
673787
739798
605151
752817
618794
524845
622733
873488
663336
537206
506781
623202
703129
733122
522322
962002
841875
835285
510695
963463
882488
951220
671528
804787
652734
884255
653702
712988
569127
785017
548310
666447
904905
519364
968921
988402
566354
698093
512909
872784
516923
882807
514462
908218
825629
844974
613189
503221
509289
743942
638895
501246
600461
630730
902037
832475
991209
954488
979196
961514
549973
994220
629996
903147
720051
885985
507187
848044
781646
782327
670305
733938
574556
666541
870650
973912
809698
576252
878974
678606
525561
917764
746461
941774
687600
606409
606912
680521
526800
782243
773972
602427
869142
728115
916712
958981
640030
690310
875579
826990
957587
857618
903935
845048
990085
773003
728794
699546
729056
523003
860389
747760
899956
791484
795663
874702
660958
757681
887070
985089
863645
943964
722193
743586
717584
601122
769456
563261
800132
545618
786435
997314
783364
602222
861126
676113
693204
884474
816190
830063
774734
769454
912375
532747
660303
858061
577747
978592
681505
927844
923731
604683
575759
990078
928447
795585
856292
951578
785532
751840
703563
754874
669456
839389
979956
883330
795342
806420
731575
966914
839941
647545
648229
972723
784842
649044
673733
937872
920298
888334
625576
747168
711666
908333
961162
852523
997993
553578
949546
761102
562940
749527
864076
514664
865141
554478
561403
874344
807053
911276
945156
539839
821948
762386
890942
935494
700032
763860
622104
731588
856747
999530
654376
875996
898446
704437
766219
983635
764682
913313
785705
935417
881297
914901
577549
617002
888490
865197
735631
796708
507178
789225
832981
548679
913060
976472
752900
626538
557156
633684
621092
831254
911407
637822
853295
993574
777821
602322
696409
635848
739698
603120
670873
973584
717709
882092
891213
920636
528184
667529
787501
694735
638670
778538
757556
548183
601842
670900
893481
999712
901765
924170
638627
889075
820136
993052
956172
733863
948225
890430
776005
899196
783797
690553
510236
834271
620378
793878
842014
971609
898201
828627
950200
870073
980713
847065
884003
700420
552331
955697
616159
639926
887657
794178
690494
689672
862693
660144
743732
772949
656970
926649
505187
576676
760775
681153
702729
670429
927050
824261
627860
951168
515078
614502
863457
792514
517548
782372
950164
507320
934024
897286
565799
825208
626507
840054
712534
632620
841428
806103
661951
919144
703132
949672
560051
862050
686824
828856
808940
728909
826352
972740
820631
572044
996193
669950
794125
582404
685299
593071
634570
666157
523012
730812
649047
827199
800137
789799
933245
852704
500953
811885
686565
954428
502816
557556
951238
550565
912983
974625
832364
778423
814550
766584
620754
710994
590359
532944
522815
750840
962202
653064
880150
546748
502935
840040
629291
574173
798106
741451
535175
595783
696295
519283
885930
591651
675133
619229
698478
760723
802650
724082
819422
644792
697289
514282
585354
653556
818301
526451
856803
909747
597425
826818
807972
907808
673402
610153
555351
600223
567144
869188
798565
669559
722524
744682
579034
785092
923485
934836
539488
840677
562907
762170
707781
880020
804995
687762
964553
912258
648400
713817
655029
783934
990426
698088
725323
809683
566174
838390
704825
895764
511686
635188
774485
610085
626799
525833
903921
574922
902890
742218
958159
576305
614800
611790
614005
884372
812796
579900
808779
738808
608776
616537
708178
722471
508669
720315
944824
815845
972594
885780
698886
977970
547521
585019
504111
608313
816437
694225
980608
561823
827648
946840
901925
931502
917019
802885
874545
596655
697958
620474
815118
776035
935545
752847
950668
702430
776944
780839
832451
777099
788977
629007
861188
940202
895506
902518
961871
790071
624766
798786
738412
697798
857882
652037
789431
616144
672904
841303
572324
612620
890166
995494
915811
879586
817388
959747
738140
893054
636817
712213
960767
909979
625887
977191
683224
569079
942475
594014
877444
621114
919017
538532
877486
625671
587228
578280
915162
666402
549173
710939
921855
565200
540750
775738
811517
686203
543962
712380
812631
682740
592382
606646
656684
874334
698424
978523
536422
813752
624887
907076
736003
716392
767484
776156
594797
728689
947462
533143
502073
734911
914404
574551
591057
560641
890649
879484
651843
823189
857238
787701
578211
823365
741727
570965
510843
876497
766836
768348
545748
947072
571765
710877
944754
967027
949977
621404
519972
866641
734133
835804
709932
928820
891438
889387
739392
743587
565312
585519
675542
554959
785862
776578
614225
875112
694900
520307
660364
905770
984026
704760
644632
869888
797698
950913
819088
592809
716949
508437
787419
571836
563489
904076
930369
783160
698850
646028
957106
787078
564593
578558
885967
876382
754484
685432
514046
875430
835593
924562
949672
644084
557636
649513
951440
572820
702484
826803
557719
905885
919867
673370
736938
526410
549406
568018
932851
669035
633161
864407
789752
608337
889312
538221
603373
920179
536380
901033
512355
712349
983152
626955
948601
795948
514867
565261
676600
603259
834508
809528
813507
576662
839666
612193
607424
531526
721269
693611
658522
903323
887373
836932
609717
538261
640573
863897
892618
774411
917533
565920
542576
680597
512294
749831
592245
597843
533377
729641
920415
833988
824385
821083
593858
654662
902584
797051
838034
765760
859833
560935
978929
545943
713525
689100
509267
517660
671508
721001
567701
707426
864037
608857
559442
861845
758048
513790
565189
909582
501041
978961
647319
702662
743464
764812
716084
538781
758668
539911
873149
762851
753340
624663
735868
796556
594992
619712
556259
860826
552933
855338
612712
621625
503394
605242
946464
583888
678569
771185
569510
944111
518570
577293
803628
867261
825004
712024
760935
518179
598881
531013
695345
750951
745616
805579
643357
879334
670510
776476
657779
729907
631598
810350
538262
530867
894989
579334
804101
691725
923964
883008
785325
726183
805902
746004
625004
580640
963787
717804
710734
866018
600481
551763
615385
836759
602279
707952
604722
856124
507530
678657
856859
647156
518135
729267
957777
641672
824918
740739
782560
624074
784894
644449
551059
938038
537962
758379
927582
866492
837989
614804
973829
941794
845332
715459
678224
758553
779853
986107
881405
579941
676140
842852
792139
547993
659231
559522
605013
849448
512156
949388
876795
504948
769829
812131
937110
515245
809757
592890
867307
859135
586061
732935
754163
929820
533271
787362
685394
937107
968685
651549
519628
772145
674404
600165
688263
682587
719528
835975
517141
607615
943903
606706
802804
885190
583910
550736
664912
773576
887524
807909
508004
949984
949204
853612
846453
804093
530461
538743
682264
585786
724660
540844
590321
994120
944731
942046
887423
596611
747991
650463
600661
756872
533272
841402
879978
742952
993538
910931
812458
673205
607172
680117
651400
593640
540695
990385
703569
701119
655453
912209
981916
541620
701017
741974
667882
728310
780120
620040
586795
539260
612987
638643
589063
956548
545967
612106
647683
786273
928725
798277
862626
762950
723027
543096
557906
766627
949923
830613
659591
679421
994198
887721
971797
897055
752628
831352
589204
928126
985175
957467
802662
522178
568668
698986
940738
647054
600766
619745
982991
673774
567310
694685
704979
953787
597341
901388
985722
756423
505184
689351
595996
866735
582088
549762
730972
993621
962091
674462
956867
743516
911374
705469
678905
620757
626424
786739
541419
699028
997255
781721
549394
834075
828134
928993
809011
969646
731141
636555
863911
789032
754004
580653
516174
786158
838472
580528
762153
771163
862299
868333
831513
922428
783289
885194
731809
908026
821599
987058
595359
894895
886838
824495
855103
617540
733865
501997
752447
815397
812638
935540
676038
583586
613396
910358
855913
610428
880486
623377
512225
544410
679306
698414
548578
607508
628028
596084
518459
964489
550162
747380
699495
797392
655194
918033
657140
584519
667832
600064
559084
773882
723211
651034
857395
625687
670319
942814
749267
584519
702791
528510
787570
731716
836989
615646
946376
937963
704276
999513
970897
895205
927406
540281
605540
755553
613004
772276
721242
891931
826451
989020
890817
829714
764401
760192
651990
961920
803244
871209
781082
581064
686843
960755
884735
581904
974740
839799
722254
823185
568775
895812
528827
844839
837433
760620
550031
775696
927458
828932
722055
961892
961351
980410
880537
673975
784069
545118
877034
714116
832590
711635
514761
868792
740994
807367
852528
527142
871707
617260
683845
782792
875748
621305
796266
918826
606739
728602
718523
620203
720029
733916
816156
889980
618220
620940
950194
619126
828665
660704
914328
991748
874273
663644
611073
716084
508110
542112
815054
775465
513611
580624
727507
970279
874671
663541
894943
508705
994058
694122
736790
619138
583303
961705
804464
905989
828952
737749
578417
526969
887143
830750
763735
693184
868863
582434
882754
791123
524280
864252
532943
584607
980155
515890
613059
949623
746248
622753
880414
604062
606811
835865
820861
616091
693729
858333
558714
901201
726230
990251
891584
981623
519803
576535
583412
672439
775529
877434
909988
710452
651214
938518
918652
918064
866976
859583
719368
773869
728241
544991
696561
755730
735451
619565
939180
584685
753235
983968
627832
999240
916487
786890
571899
617167
963071
876766
996409
764765
700992
888799
989675
589390
604944
588389
577789
814047
904719
947442
675862
903869
528426
577799
884803
592915
922600
726259
521092
818194
542010
580914
754560
794611
988458
639399
562676
584790
585997
560797
896996
592180
900484
553470
716311
510950
513726
570782
996412
534874
863491
677968
986225
823424
742763
809082
733219
691602
815953
789566
768938
915212
972963
526072
964626
957708
614571
520939
897213
543153
739921
896222
896594
758620
665871
679945
978987
570489
712208
860403
769927
736299
718428
635513
926420
745710
636723
521793
909912
795522
619066
504748
985674
597588
747107
772819
643460
573613
829293
567312
719043
597370
588598
513623
768907
811000
777613
588094
729186
688856
770753
839977
682215
514810
968769
885185
653241
731064
643152
948868
728665
946803
812785
823776
970487
791199
911086
740045
826496
951051
760347
725225
662972
734850
812065
953605
922658
965183
706474
802998
581860
540609
820449
914666
712512
766782
627005
541708
750406
625336
693388
741344
762989
881333
830002
981230
548002
969672
870985
874811
828923
516162
942911
714633
770885
950546
679427
803646
504777
794776
621675
732672
724493
585799
975569
633355
709835
942112
852787
817799
926113
631471
540749
554853
599231
592381
825509
918165
883063
537497
977158
677735
956995
772080
930385
660829
564481
673092
516346
578987
549993
678897
789375
795435
644626
807645
791229
882796
798789
690807
910860
528755
504390
939175
579435
620694
763277
917081
842295
936165
753126
755447
520786
920438
792211
837392
923030
612047
571380
855678
663305
788976
656163
804046
765441
854697
910961
705092
853501
965155
854950
833740
877855
525605
765884
539287
808046
863915
621802
968300
697272
993058
902472
627814
645747
750097
769107
638197
718217
605113
996319
551210
814719
543714
930774
724973
827344
904178
646889
892266
727485
674596
957540
522539
863169
675314
773912
899201
732456
724898
896331
558967
882820
846250
588562
573003
526487
821354
875597
976162
998082
687250
991516
788014
510711
829788
756900
994442
973388
683381
811306
575757
655775
709934
640435
588358
812273
784068
531093
722074
540899
718304
939605
780248
562918
899827
805770
877938
811051
662686
642649
831673
891444
806946
577546
760171
507022
781584
583962
868001
567093
737312
989268
691612
855783
630760
566596
952152
624883
800558
770862
642556
876540
787503
876881
945591
732713
781992
988798
774063
894611
958167
601971
819979
691680
738943
599676
559418
599665
607955
657467
775406
586957
719247
799056
775243
959023
641175
578583
514726
649746
896239
839345
924884
724259
823361
686687
609370
552657
509537
912089
802221
685430
937482
974023
568819
602671
567409
717282
830979
542100
881254
816088
542970
821669
945286
738653
609345
653380
556695
537690
829499
910016
515513
631175
507842
947470
767712
827438
634836
892857
781541
953244
998531
763404
609555
835100
743271
584284
546340
949604
771123
845640
717334
798352
726412
798484
775942
572341
987176
702524
768827
792132
558421
505172
915674
732948
692779
895772
685713
639315
659275
867408
696269
868189
578967
625090
927028
897249
855121
513358
779107
961828
693185
687738
671351
535971
999460
718795
633972
889015
820498
585540
839848
614713
884026
576345
863522
844216
709326
537026
743866
566074
658633
734297
533049
570837
505613
840798
699235
582091
880185
869324
761314
782082
557882
748835
758576
804329
688181
754008
525986
975778
661142
759823
674266
582417
906024
850875
525478
971895
747125
553772
582074
743482
828646
500574
923646
983778
692948
572224
936160
605954
736745
600134
992520
708071
939615
928112
579965
827729
566709
789265
690159
680225
975748
570345
516551
963514
658995
992372
563033
609805
878837
880948
509180
619821
597419
643447
922918
936250
874248
650002
689254
875146
725745
942831
870932
694659
924730
831729
692966
645275
640389
895078
598577
987047
733242
669522
933549
544857
828907
947020
983441
795022
920063
735616
595749
867687
647246
808477
541961
797531
858899
681438
562689
934511
988225
697271
626417
937042
786162
707235
604555
739942
970247
622942
611745
745934
672761
872787
911128
780795
921763
607088
659382
795450
922191
986633
982526
583957
695118
684907
799528
749949
569710
700278
784102
648160
926278
557960
700253
631734
858410
958811
588920
961080
526561
973779
759624
846193
831196
624650
971447
785208
990027
923057
856050
575278
736633
844709
688153
653594
997519
517023
862625
758990
538443
520501
946421
640234
647027
539961
632512
651535
886054
957239
507926
773237
816862
724315
819410
919107
731058
811441
786140
998296
706573
989973
924215
659230
861892
945167
960207
753322
960641
737296
770851
788517
580814
635064
547891
953387
910120
798579
548019
612953
962658
518693
606968
774799
631708
967655
916573
756410
878102
607114
643511
949072
812934
864479
728942
869681
923193
821296
676642
657346
606270
872188
760595
765185
747196
558263
625331
501411
640165
955074
603842
653801
764716
715993
692749
584404
715420
828288
605420
794803
817344
678572
820985
895575
986887
774128
817422
983605
927974
893690
619153
521468
663653
716331
686037
895360
502708
901677
648684
887278
747892
676148
617251
746362
989954
927271
708469
506251
826253
574447
864025
917636
765546
968625
761321
755353
542198
879553
665598
956888
618661
756291
710999
662270
965844
674823
513820
714688
739163
864239
769395
819907
517630
607477
816722
791933
987001
650621
757963
965120
800496
596817
749086
533635
919372
795851
659798
829466
746751
956848
819607
873025
710160
963412
774457
708572
631320
555005
942653
927923
972864
676162
881339
891010
661601
511409
690628
742010
581728
632651
944280
796497
923052
873759
592867
532043
976025
838421
862562
734788
761814
816657
866523
993465
588866
588028
707281
986419
938686
646226
702048
543488
523904
967166
924906
585022
542697
641184
806722
585449
839680
733068
582185
548777
699611
747667
753027
822436
861648
594282
518954
574763
585253
889326
784328
767043
716506
842348
760265
846378
547921
762031
731673
793504
649592
679898
551124
585656
900533
756173
683319
743080
616919
751477
866567
849619
549624
793448
687630
771922
585752
836960
893240
754047
533913
501105
722733
549768
798198
700190
837666
834831
513408
613639
799075
868473
633266
558544
780274
979498
694076
912837
811291
695014
845820
509689
892276
981277
531867
834088
720064
635810
527685
894226
610199
652363
735024
719935
815396
853553
549400
994660
961411
594892
509121
505982
790159
855698
906989
596558
945967
925516
507004
600460
895940
569744
521880
675620
765470
921718
769381
970697
605896
600156
823860
668261
752134
974234
644838
598027
800488
844328
543297
634742
760031
991619
527140
737008
825397
634855
689089
629823
762740
598081
565242
742811
749500
662735
777079
900580
517406
681356
735405
820807
828365
655954
912631
566330
816967
684784
921475
966946
616253
911904
792830
744081
762246
996094
858093
624229
866866
870333
916257
552647
913180
611341
536415
832495
668905
524016
907494
883207
885444
958474
914230
874699
677193
535424
853816
923292
938489
799312
947085
811441
882137
827042
614612
917794
666079
691594
759738
747839
631584
543798
745625
817054
804800
553574
558208
874797
853872
936995
752168
695383
707455
577228
521119
660765
908903
695141
728986
959202
889724
667967
505446
662644
883508
522933
768894
571301
855572
657956
954849
854229
585536
750535
669806
702348
646840
966139
939041
742306
830431
564010
694713
681392
777952
937243
846850
674981
571052
737259
574279
515221
746087
625694
668629
847848
822577
818380
684454
563936
903040
895651
781110
667517
945534
824829
793221
994072
626366
554864
955358
644820
858241
985552
774778
814450
561387
608219
932297
959850
604772
946166
677620
710320
808686
528395
668894
779289
859724
757357
579956
857925
543216
760084
998046
779354
564884
974454
732146
909512
803902
774262
957352
724736
813620
603422
909027
700644
924195
551717
930234
924027
533539
992822
985366
816705
866906
621759
651231
832691
862751
528880
558353
876942
940158
748886
557605
858985
886019
914739
761432
981692
825727
536228
667243
818670
592771
612090
967693
703241
707446
528141
698390
673060
847724
662168
744352
644293
503406
595534
793535
846872
719353
946727
558705
725223
781887
734462
535485
854266
887112
848720
554139
721836
566784
574688
984020
547806
696642
909682
808134
826777
898576
740851
633279
546858
639338
800085
863821
787243
850057
625840
606495
550718
681001
915409
600744
549083
573348
797939
686036
907962
565246
527325
887435
990936
659951
734895
921723
734613
570633
934291
611138
506706
958441
636711
894338
585146
517414
806274
812850
875063
523087
684904
647847
591114
898035
553766
728715
766490
960553
959458
858720
889927
623131
885713
866618
804916
525344
811433
711355
761780
841050
502896
643810
913627
977989
992709
996951
842198
778274
892141
575576
723279
595763
579852
751729
881452
631028
980280
679849
781318
891664
652761
998519
712613
733514
931250
896191
888221
503477
866605
861548
758404
752987
858542
874191
844127
936518
575979
608195
669802
821787
779202
623494
866066
779872
986503
962557
640291
976334
864030
612939
701269
939587
729524
982728
621348
510463
830024
607203
713918
674163
523547
729676
953023
672836
705866
657990
792194
984787
617835
853108
544499
779696
937263
552727
844303
775269
919887
927569
780141
994125
834391
869313
981348
951516
839313
728676
774118
609066
610375
611395
566881
666733
982831
630961
896840
523626
863112
844026
584205
509250
925620
747326
541139
934981
732712
689599
593348
746124
618946
500881
886459
731286
762958
645906
732882
520536
977896
588705
862546
954114
830651
579986
665155
666791
568718
708122
568187
634557
651928
728737
992797
902479
992101
635464
618292
784189
605466
939346
934362
563414
682108
509913
742014
622833
759312
673846
630256
657389
744869
929060
964124
834513
710364
671387
764902
870336
872121
529089
611004
970976
947135
529056
918705
549174
836646
754171
536239
651255
861788
751073
881693
847509
632058
882527
981780
988285
851638
748210
796468
868293
518155
676956
904470
921306
961826
825988
942241
762500
853656
593651
593117
972345
967505
873518
728645
970545
712852
707183
807899
507963
787860
706881
724615
643729
944436
683057
648674
504389
647053
723850
863329
866359
971024
885464
985995
764014
598163
962211
925972
894518
572273
653642
838753
831865
535685
503146
536223
934554
564540
642546
852645
834204
942972
927399
503589
887279
962405
980091
662473
792748
601762
629553
519504
619903
750377
571935
832885
852188
818586
999908
615769
971768
618295
958454
893000
640223
694457
612601
781950
507455
649421
828960
865023
612294
804935
843133
507937
729808
589011
682025
754775
833925
642947
710662
712419
568328
751193
624511
961234
937845
591936
993954
653418
546416
600767
532700
616272
835554
855105
987529
815935
748843
931235
820739
843141
944813
978451
816553
522510
957903
970325
713632
605985
642609
999407
813069
680434
712646
773663
693712
720699
839495
837587
811177
556830
561969
591158
888022
562898
624874
663628
847969
908286
652336
748782
695832
620578
599315
589739
850657
690437
568601
995029
522943
504273
574329
523651
680343
755555
893192
687145
791858
612617
883234
734789
869212
864034
831312
690279
529267
908322
707383
986875
778790
931289
874407
777194
571270
969027
682104
726984
779479
717665
590630
608478
582966
892325
631218
856348
673764
550308
877936
802688
825464
577608
794007
998851
560243
731113
677422
813955
646255
958102
871062
869935
951748
799248
530626
992433
859055
562413
522637
916378
522254
683768
984937
770429
634157
701245
846901
641133
831343
988034
619325
761281
798719
500397
860431
955275
643603
791280
741868
825229
762333
619102
640533
761368
803875
847206
816705
945426
690523
975410
522332
702045
727693
524901
567749
951781
808863
940656
715612
501724
582793
917657
651954
666053
969288
958370
908591
601423
518506
717998
964449
976548
658488
687402
561833
866725
622301
818922
767156
763038
784377
872277
829826
680258
604658
757472
671788
515920
557312
696107
765992
613450
806615
521028
929600
662197
821872
812345
731751
959686
988509
716557
600018
772452
774275
509689
578304
770753
605037
680022
537563
539920
826340
660769
656997
918723
833413
685903
903503
587006
870509
510201
814208
502369
881852
721737
783322
671722
718527
938258
863052
720714
809927
617466
994195
583509
805121
530653
711204
584751
639653
831825
631141
982993
773616
774957
595768
627622
597536
880547
630576
922186
851729
768817
682204
581085
939048
957452
597411
628162
526836
739941
623501
859232
659930
605134
546413
601101
645965
861548
606042
651479
897838
912092
717626
703497
969605
921669
602574
754299
744791
574076
625990
605437
725355
880534
895999
530668
883490
944824
557017
806691
858375
870618
984331
839813
903925
661110
642255
533897
896657
784557
584105
795319
908020
518063
728721
913284
860453
710193
983457
961924
559874
634344
645373
720546
867281
781551
786493
713387
959330
512731
625237
579769
920251
759837
937554
881730
821326
953737
630566
546865
803828
635043
520107
856518
831626
647556
592774
833314
710116
891822
891428
977108
677875
853428
765564
805733
749091
782453
580995
856809
659705
658580
643069
991800
527616
649460
663207
933386
595749
866510
805488
746223
705519
621833
608489
981033
899221
959096
699888
670104
734248
528414
840786
692265
588435
685662
617656
838005
514566
533693
597056
532270
778474
753348
802363
744242
543034
698928
829425
649052
774488
746552
615782
801477
836068
535649
688635
624564
569134
971108
540617
877163
589421
579920
926877
591194
936151
593957
515161
524692
646768
944468
508184
660084
556511
830631
858568
973104
978658
502557
562888
591915
635643
868587
973782
944078
962029
642280
980038
782173
683676
819245
575188
588959
835677
507224
877921
752423
877891
605068
739434
591911
916219
661584
805429
562818
752491
527456
640055
857740
547589
618534
801810
823320
904058
730952
735309
773347
780082
819447
886048
538988
943008
697122
817430
568368
901219
558383
561122
917381
738856
687466
840810
922640
573694
958277
789385
729064
560466
930938
578759
661734
802301
959296
907621
576562
565175
931311
937581
607305
531798
602562
938468
652836
655450
712117
625553
921584
569420
686669
938593
581423
532989
512646
992148
949265
835312
766848
808246
707565
633057
583308
898964
962316
871316
954207
542522
805494
660929
662611
723160
538902
918917
570312
756811
975310
591344
880259
741792
908023
956110
887652
734972
743378
707086
582748
990265
861836
615375
690124
986854
910164
502548
947642
734190
748785
850245
777928
555829
653111
690830
991231
552086
612777
958090
814279
791658
780105
758499
815708
730118
929684
881181
546629
881231
887523
795559
919153
507927
506354
859553
959173
726406
960623
679040
649016
765375
975547
780189
943843
823877
909660
576219
503214
594627
582974
629878
724923
545112
820568
985532
777431
775373
550682
774718
995862
648836
903106
847660
923471
743143
852494
883162
871648
504493
530637
798552
742883
639890
797783
641380
746460
892803
867176
931377
604324
755166
842408
617541
642723
536512
500637
895763
875791
621836
560110
983214
658845
812678
787410
761852
702485
522692
780595
532585
609374
649945
629617
617307
725726
800258
842258
865809
553282
894141
868956
885179
813862
779291
620382
586872
836650
946234
917789
958489
743599
949297
625779
636022
859974
909623
634030
716420
705238
736988
691947
620191
870715
685452
909139
693094
791134
743688
945375
594591
925912
958355
667134
829931
862126
787453
563597
540884
540143
855015
666292
860692
979725
840092
964656
901721
503552
712773
898230
654156
838616
844601
805725
671880
696676
839816
941263
782238
952476
713338
717855
598746
805432
513389
887386
836171
873567
732777
956950
998957
649622
638947
571013
972983
858885
510870
874221
688175
533618
508037
952805
812075
772444
550242
885515
725415
559602
919695
990137
732483
838853
870575
519916
704802
823435
558773
569792
551525
809128
990104
610176
747495
826371
682365
935311
781249
917301
855131
824766
631501
773050
546551
791050
733652
946025
598296
517317
656215
863206
977506
506737
513973
720301
787868
788505
671790
575493
722072
517661
939158
803512
699844
630400
687459
799829
543432
804035
545899
903126
589070
596287
797327
844474
817929
670707
643939
703662
746602
749569
864671
720107
609172
966995
617179
853007
534197
818429
792163
653888
681546
655627
712835
880809
922574
898517
861730
891954
849154
619899
729006
673278
601275
776574
786616
967395
847328
783109
865956
901706
806811
613771
948637
970735
703062
682085
816470
913203
718193
577642
666709
791389
831299
702493
878236
856171
986740
680121
929033
923823
578924
987976
767593
560609
585038
930320
593069
960752
963781
787956
549468
595508
882406
598762
649240
598548
990813
675010
728377
635183
512797
518292
690482
659639
563868
636918
814251
665372
614141
978058
672686
843862
532048
761184
747413
542179
866342
813224
842912
873125
716094
679136
779178
795795
721026
541513
550179
710574
767575
538746
785600
937966
681151
930052
549827
687324
507242
547793
861618
792566
805157
838557
786115
965918
940945
513797
606857
651769
808919
754005
974675
585286
795105
850501
689452
802453
760017
530347
826118
773425
620729
849449
625634
723629
746060
617052
678780
931771
585112
510036
553999
906823
564182
838343
905416
805365
661538
708929
524261
794061
652475
594812
686968
575471
782155
535822
931632
965117
943848
803575
795256
549045
673873
953142
529468
875259
652739
532909
876282
724697
746735
797683
864588
969312
906432
731134
697460
811839
682201
711299
813083
907613
708379
735385
674323
680601
590246
693557
579725
930365
972241
926154
838099
690370
790961
511061
626279
690145
549436
909862
574935
850548
846613
990042
632686
942350
792275
685782
875084
740112
732471
723299
545194
743183
640602
796446
828205
740768
672431
528554
863558
622148
508306
685060
803051
523508
825009
904561
742475
598794
955418
772606
966399
872540
949497
546937
584030
519157
924217
758764
944446
567843
666503
831486
922294
655720
948972
649300
759640
928621
911768
863669
914285
527840
520715
528011
556726
913611
873753
732057
743257
650063
508630
575342
922028
612026
825901
780270
642784
986753
643129
638557
895849
900631
795830
687076
798178
915153
670807
811230
634387
634622
555522
947837
514042
981378
750569
666083
766003
510141
620045
643843
610760
768580
712883
547379
783336
940085
953115
604280
698713
833160
994453
788032
845403
557139
553669
938986
729014
753126
793403
945276
964808
878707
813981
818117
596357
996925
502609
789532
591113
831474
738112
662329
689238
755808
532582
755931
858778
651541
952000
911630
631401
827830
914230
956652
913354
990215
618326
928445
772788
872339
983897
519760
958807
505917
731492
665115
633666
985660
888858
894849
770123
793036
824670
738381
692890
854455
895496
851062
590262
830890
731001
682356
923265
737004
526568
577975
533056
762533
600450
780562
531050
535507
787493
835516
529124
965600
913531
532975
503932
996792
839246
921537
644762
886516
610040
909948
907242
946509
665048
507324
511831
517438
781206
548658
783386
834072
758790
747741
763399
516783
638175
836924
763512
635353
559095
964209
705902
516169
860869
526924
920260
915586
952186
565225
964576
721145
662997
796997
993714
674561
792297
747399
531725
567348
694456
509575
894306
551827
504427
683655
507149
831449
587041
594483
555553
605188
794822
848355
642782
502001
945118
811952
892070
577346
561809
943671
552286
523852
603098
854354
997479
894879
946460
811935
700588
512632
779050
926047
822949
701759
819965
694278
925066
797891
924463
726179
666166
601596
742947
954132
519313
784775
993683
506048
667978
514732
677599
926880
751804
604288
584589
649913
927954
815517
920442
642348
778218
914763
812665
798775
675880
806661
859329
519859
841665
849337
599148
520644
781307
907839
708847
806343
820109
527294
912563
605501
513003
910006
827218
566201
697080
819987
976497
639078
915061
997265
507606
951075
963597
880822
762461
892633
936343
884698
652510
929335
871292
872014
951604
842126
765234
847880
750241
695632
532550
804816
501960
574842
739124
878260
937900
604185
708415
712643
701671
981543
859748
817525
794457
655550
851763
550816
505655
572482
579302
672266
908494
662088
790546
861217
892813
753890
568532
530436
891168
572495
698070
745479
741481
811867
508271
801427
804743
947232
563668
651413
962969
842289
860505
666437
756976
803442
716686
941657
738260
605624
827433
897442
673607
585440
596215
720859
805613
843923
953405
594919
601717
729226
552530
887130
698303
792603
618270
650147
955439
759804
774690
853065
987447
505271
600035
613564
957058
665988
824902
722701
933971
600685
769419
714797
541404
637776
758953
837676
549999
715298
526680
504756
668595
657934
686501
664166
865055
904602
820758
616117
764289
522068
560458
671985
683085
612486
946126
911237
591607
820866
712555
581020
732645
577397
680238
856511
552881
507660
670428
920055
669045
587981
619059
916406
992945
775247
909652
650818
815684
956939
704964
531307
592641
615960
643907
968901
982873
875523
913407
593279
574027
999489
682117
515194
905329
824182
513010
572723
654968
559155
643458
866694
541488
995123
766036
765518
598794
929089
615659
907647
726649
866353
514700
670255
559864
733897
622694
627840
946785
701601
943872
912852
750906
975531
524924
600713
769689
781497
774816
789417
853535
551529
954717
576507
916101
682975
676042
661922
979510
685751
607968
895088
644631
996538
543652
643576
764948
877033
526601
909910
992721
715166
897316
771351
971986
503125
722451
564590
833964
545425
987414
870545
708682
544864
828266
711022
997028
708053
535343
561127
741236
811918
518423
759228
537811
957570
603935
603565
827138
824849
887640
788972
703984
750679
908198
930962
546982
563161
616940
700847
884935
879171
854586
571814
648253
566543
618042
805647
992629
654121
688765
622529
536617
681984
717643
894630
638229
937835
925749
978010
926533
959522
520962
768918
643997
815122
584215
762471
895315
638978
523602
674750
792175
580477
862937
970284
646732
901184
547157
503303
988766
643660
924735
548311
925107
569815
840534
574637
857122
545834
642699
603288
696815
736117
622819
789100
655635
717465
647882
710221
952780
859535
808330
924051
550834
637300
838218
875764
554362
853568
636147
560361
896626
881197
751659
884101
951525
937187
989944
814030
979800
623425
989458
818596
638346
866584
807305
643699
931570
655596
752257
759234
896251
999343
874148
715738
822403
675440
904761
857754
946910
984544
540157
989156
565586
523585
849171
882047
867696
519916
603614
840768
660592
513350
845537
648411
502215
624027
918801
703943
589853
597270
552062
557220
846328
991558
519663
868440
586128
704587
675527
540595
939553
549117
686677
587049
907963
908954
608122
956695
611225
825039
600446
753500
732213
983755
708575
521393
886936
719833
621702
846743
634675
922511
851858
860952
890054
538121
560018
930748
683814
815940
579062
688745
846575
589451
885266
600152
984099
827579
579664
601339
800688
759424
999469
688574
732109
639004
533343
947262
804720
512950
502514
603511
835903
713021
597877
895565
597892
520248
696289
774055
514563
852970
679884
748354
627695
882098
539313
769773
730919
539660
734558
772918
760148
578977
902446
894626
645759
605662
620001
670212
650989
681098
619279
677114
748511
552072
627744
919515
764786
504575
918445
528051
858600
749087
964528
593726
531318
831531
515281
623092
873192
582556
632685
700377
721874
811483
745960
665424
548326
726531
928924
719529
884010
822408
965606
869808
928954
514822
875915
944275
969369
832582
771876
547539
850447
952285
501580
652365
572868
509370
523497
765860
575503
695262
852002
643613
837453
887447
857769
802012
641635
552859
585016
709198
929278
916646
619262
929458
523201
707072
939513
923841
579612
779266
589816
961023
903071
915720
538674
924812
963207
850228
819094
983847
549756
591724
600183
820108
790081
926067
595942
974711
728436
502276
870520
651665
758750
995083
919061
847901
500285
624643
942922
539725
761667
792900
822167
779034
944594
875723
513808
514735
652090
696653
557797
863876
502473
586752
745811
907085
925814
703671
708060
975378
930246
871249
894684
556773
920861
952390
772678
928719
932471
549824
682677
638642
572077
567050
687289
637093
644808
669121
842499
738130
732075
821224
952434
709584
604151
747879
658837
655669
594277
609721
613761
784295
911234
529838
881889
677529
514087
576577
684277
698615
562999
974820
823322
581894
804368
546518
935350
839972
639338
541155
876757
565327
974503
844000
738087
526759
530125
595182
529975
695071
799861
847290
888184
997796
583685
670173
661568
677884
730284
536524
821254
936367
991419
814563
970908
568751
845967
813123
866936
653970
913245
563421
657628
950203
744218
663928
717500
980304
623789
740382
744821
937830
848162
552841
843917
637972
877925
542522
941441
936353
833313
553528
964266
504216
667958
891330
682226
701179
748975
796354
815552
527090
828769
574444
787571
638685
845883
776678
862092
818339
724305
915521
873977
543185
667352
609562
789114
723903
889478
705186
707373
781430
549309
716382
888290
532654
528909
610011
790042
503676
946757
832934
759864
582646
855900
635070
802875
546941
563820
512831
620566
636838
771946
519528
704531
983384
810397
650981
759275
721358
959978
517376
676808
678032
653142
590067
576054
691290
760009
921390
741246
848182
621045
601074
902905
933592
545169
592253
729892
515887
944688
814086
693227
724319
516704
824191
539207
857628
816235
624080
996417
559393
892779
736654
867710
561598
516327
519972
804628
775149
889256
864001
690988
926467
993248
854810
772123
794989
780910
857848
982922
908192
827370
991846
636628
611938
705899
587022
793619
512325
656257
705666
506127
740360
747594
582023
899641
734959
546209
615228
987770
654777
950548
880878
590318
837155
524248
923812
716285
604554
877090
768101
725267
718927
765850
895499
806883
530188
668855
857833
995345
930295
614372
620245
643260
500566
785577
691007
546952
940617
956415
756383
995576
586066
918189
839544
704705
871353
985162
777803
785469
741565
988739
562124
758648
946347
727687
880573
544843
767536
696036
556817
931933
700382
553088
861748
743357
886775
676655
715698
529400
583863
739422
801316
803052
504016
851710
706921
889448
724597
933412
971914
506101
964571
972105
908844
990815
793729
854212
892181
532612
697723
911554
976496
942736
722640
835426
921361
901853
792307
515001
707456
794531
606779
620847
955159
894393
605786
512503
851087
885339
902325
921412
735298
781665
677458
624123
547854
652634
780640
880800
750160
709529
664088
921780
606282
970381
628615
539222
778700
995166
884312
836314
580235
798840
585366
608195
632182
519250
673515
989244
748199
782498
688306
826368
869227
504975
689978
501910
559138
983768
803587
963872
718659
551850
826336
595172
547986
525515
524241
782117
873678
908764
883912
688835
655347
948263
736202
890215
535445
614257
726410
528832
505987
572490
655466
580452
654329
771445
845938
923032
696589
504969
553006
541327
661230
548532
735870
883425
852709
843530
878007
541567
891235
724158
629891
641948
766790
623142
624813
742992
885307
605797
687343
629994
888985
910605
876247
588142
701567
867954
544808
748522
744594
563088
528941
800578
653867
956685
814658
927029
890266
821924
945800
920886
899100
601097
958535
963564
755509
646429
662928
696185
984296
596792
920653
712132
603820
505220
895490
832530
866185
681269
841784
686671
730938
842315
722368
855229
627535
711679
594409
939239
781006
960247
726602
859249
593408
777412
613333
824292
908582
526632
748254
965049
723106
818918
634263
756692
810844
623395
794191
582126
531818
569927
852338
548243
550013
847376
876873
680656
630362
926292
838774
580651
826264
542323
658950
768795
746554
591489
840763
593396
513060
586967
964813
724325
624712
517023
952603
709811
634623
920041
733765
696311
764334
645156
979494
764952
597104
688754
556506
981352
818904
786148
581977
651442
520361
615225
582881
924571
673985
996754
521781
710004
706479
502751
853123
626368
591445
971046
862584
834233
928779
815084
705878
690356
508436
777439
962902
847477
503562
629419
811582
585400
846645
749082
877671
996928
957372
877612
860048
533511
617611
710113
526715
522566
702195
739879
674951
530687
904068
512115
632209
630713
510511
529904
524891
781451
999817
916443
612768
824473
855253
903208
657775
638213
503607
795289
933191
969728
827781
806048
718956
941944
999605
642302
814839
738441
730733
759128
626850
884612
952210
637615
621924
735382
739341
835207
780847
756815
562199
660125
539375
952405
928250
917409
569282
897829
511632
868817
642090
909945
562728
624548
593840
909630
864066
932686
687635
884553
715804
534137
902148
921004
789166
665408
966353
638079
863780
675214
932426
779657
969422
659939
586471
806258
806597
616707
638905
514059
587025
622679
637182
800209
691587
774827
819324
500633
743850
716211
643494
611018
890755
714815
683709
581768
589811
743081
833340
761324
876386
716113
967892
569216
676468
559982
509918
929738
636265
769700
606165
912734
530483
952391
946726
885987
964256
689642
762137
750216
983823
990296
556527
808938
977821
797580
722384
760945
824438
595347
912902
923416
602211
577081
579008
781846
832338
552575
726531
767364
768824
838592
868093
649575
956752
971355
858766
930138
642806
608991
519360
873507
828055
808026
621846
826412
716150
603061
980713
827943
681856
678489
919200
588179
784493
603396
933537
816479
756467
988111
963759
927996
727381
818819
641489
628658
854590
540457
538178
541165
511395
995481
790845
952222
947151
804265
977659
991982
819782
779734
795989
871327
594655
686887
589742
676263
986233
702103
747088
985613
838752
834307
889863
818839
923749
614805
829013
663769
786058
644677
801404
650618
982959
920021
695853
636017
504288
519795
593926
925027
788758
913253
777944
985695
610868
988170
549055
647425
947251
919767
537164
975405
837921
980765
883256
656811
689208
876501
994498
865635
837298
531351
682229
654982
543430
745705
521192
625162
971502
728425
597173
967390
875825
876968
718332
511220
676218
549472
520018
980212
542921
909420
722380
786359
878999
980637
786735
951653
919642
619506
549698
622456
912396
829213
727664
718364
508859
763875
818438
736853
765836
665647
821172
947073
876633
812854
505992
634444
703660
501945
896763
779168
744200
824867
581406
741110
500641
551124
613694
553305
880289
726632
690510
714095
903101
695442
805758
512341
867297
698863
512498
850796
808954
942694
570394
773491
802454
809191
503641
778103
574174
689730
657620
545574
736676
731474
735306
795098
965023
508978
869966
832971
904588
726302
570121
896590
696339
596077
767251
816592
747750
814210
993086
501078
689929
597470
517056
787530
972554
763544
572849
748578
694647
694455
834738
820703
828740
930785
804285
595199
897382
845518
642016
506623
729246
540676
821242
701058
933609
958717
984827
658201
937832
965868
617915
941432
861561
703043
961375
798668
877931
574068
571259
753619
766289
930654
934317
582227
784027
777172
527274
947268
866740
752519
702924
563216
617410
810738
772722
573678
598084
987999
775981
696727
964739
507447
674335
512557
588728
641187
612742
615907
966689
710084
579767
729894
831672
753032
577595
958780
510631
861485
928067
801671
984169
626576
658391
660598
858360
851132
882661
778456
924728
619907
912735
967313
786485
549270
575845
601094
939936
629851
537009
788035
782286
585214
870203
912967
887288
846406
651050
608734
552542
910665
823040
835208
843923
583586
772555
808831
835936
585852
578013
853188
623038
709191
694984
569880
874203
946587
538741
591520
578640
535592
779601
788358
630823
916505
763505
609933
777162
778511
749846
943875
884317
519241
515987
613526
551101
634678
578447
948561
548522
697186
756831
535962
957187
627127
566328
683421
906476
813793
626196
634037
963365
591849
642579
522589
936360
571794
914601
615943
545337
624201
714733
702131
737519
738288
811750
544935
580589
604561
723458
640277
599759
991480
840538
868409
807889
859464
795573
787718
953222
619728
909709
811389
597156
807472
514274
536490
855051
639797
649312
594281
626799
890873
873998
828850
858388
571289
879779
579604
934810
975537
509892
805812
856013
507918
983615
684694
749590
648398
740207
669116
899112
814498
657422
885923
863925
681306
819851
569310
676015
982728
913403
821809
901491
795982
897537
996501
532503
502333
949469
733996
837761
766142
743031
886321
540233
732238
639374
561503
747230
644361
859920
675812
688224
646406
540278
909409
838980
592430
819893
659204
810065
530155
870282
505744
742265
733437
567631
761087
829897
569714
567929
659604
711297
511461
771286
626145
734162
918406
818112
609303
738396
631596
695042
621927
641121
564302
604701
947863
760685
661341
551649
933035
655380
513453
906474
581270
736080
954721
713144
523536
893518
821452
922577
831353
640141
751239
915501
946237
775861
524464
963631
656535
761370
500505
870615
954174
542579
609165
546074
573778
839266
534684
652597
906792
915340
669181
603427
510744
885179
889303
595434
961125
812896
598098
762354
675656
682235
626013
580070
759715
947273
954283
679995
637755
610108
985984
531284
994195
651004
500888
551007
856690
520626
645797
534441
925623
862378
567190
960874
637235
878518
806069
743880
943249
907762
818516
818287
889356
632236
888229
989594
970793
664735
813356
539451
955617
682639
674806
906525
503350
511334
882711
877655
578099
715439
928298
556643
504450
924943
820362
585904
695222
535772
742157
609269
706398
964092
947101
533555
750228
861645
685459
979384
598952
573871
656118
780288
568736
645901
577510
840838
728219
983483
719447
971063
819379
716045
516883
836733
900876
681747
989354
660496
802606
523104
939469
902526
855243
644835
895903
734799
679481
952171
900262
802322
933117
677013
620257
756677
804567
742008
949282
650975
688394
786651
504091
797813
876325
791396
968654
936866
939013
533023
703692
769843
576881
804841
600246
679878
852860
882112
800554
526394
656924
918293
630848
842997
984715
603788
796405
560802
715014
614479
730863
865711
981407
972759
791181
653955
973368
663461
984847
602250
823475
560360
972413
590800
803032
798043
774119
510020
717188
554621
848065
785946
616047
949885
935755
571209
589644
705440
635341
750208
504676
760128
747731
859840
552969
794959
635858
780586
808892
568008
812900
800861
965635
953526
518964
962428
626014
731785
554103
824335
584739
549976
837995
966735
791348
629387
583569
673030
502134
838591
996122
596332
833629
748782
722213
512388
610300
947699
663424
733075
550773
974798
896146
544900
507327
943960
860728
661839
963038
631738
961151
987123
634026
967971
597518
965902
520869
914254
607271
955896
769044
685971
603970
984182
673535
868550
824895
899560
704509
611348
700696
557366
880761
845073
507783
994983
692972
932599
891525
558526
664796
750163
800431
834208
605736
963907
886802
721539
772919
802992
800500
726882
707202
627146
589085
723108
884026
920533
642591
961727
955374
991353
586346
773274
649242
711487
559962
696981
835116
506552
614553
936577
892142
727043
536273
583907
930975
941431
904994
930679
957037
708279
782079
919527
627760
726525
510309
805993
897800
818199
559805
734621
672402
848520
848601
920900
523217
851135
952036
536467
533708
962760
913425
693200
719099
912961
872148
936221
721970
675754
590097
907936
902269
576384
840520
707119
886563
991832
566701
654802
890159
551321
699583
714147
949852
529994
766906
878739
605331
700679
572542
910249
519924
805776
843606
558207
980746
751768
682682
845915
737387
922179
735276
851577
704438
870515
826598
508991
717748
733864
565983
723706
943873
820269
564467
803071
805317
620173
902940
748385
640675
517015
880427
839224
784084
562836
901957
809328
723284
731209
645730
723379
952730
643142
787861
797298
641239
551702
993925
813201
922061
669799
747338
980629
631389
565463
918390
690893
811571
540027
698756
744791
917317
668615
616243
992961
635852
987747
654042
504139
826093
778870
990478
863752
912300
756010
544337
886223
792909
664308
563138
593035
825555
637706
956616
690364
870605
903203
618478
838959
809088
787866
933991
644558
742042
619526
952360
859668
761415
684063
851541
991378
991840
911054
573468
984364
551900
719433
709843
940957
625558
690570
603961
951769
635759
865123
620389
974180
782786
783790
665509
857887
581354
650523
987174
861594
871333
966336
657788
737000
689444
507163
543074
624455
896762
834653
902863
841928
820583
893267
621428
701476
557328
832387
843881
992941
803843
849509
744458
770625
941800
549434
807721
812408
845857
659549
722328
639409
957829
856914
809191
863056
579549
644517
694701
770246
971960
646269
832500
937635
819634
530351
856262
899843
893593
914965
715335
903338
832963
548714
897569
832333
714665
793767
800482
670933
803322
742242
598091
804202
641912
654749
798623
943653
638536
989921
676287
918382
978437
681800
603682
547490
653030
864226
609237
796604
770414
687146
742929
642166
915402
846821
947963
976717
543115
571418
753403
672835
765568
610756
718136
518414
982644
687609
710793
676702
756389
881497
609660
696668
667035
954643
609811
788628
640732
767451
902446
595220
916619
647505
613200
933517
668360
988274
825615
679829
966776
882509
958707
657660
543579
890134
605648
678516
879346
671590
583058
857988
906618
522142
964211
942093
501533
584396
744139
655581
518948
944876
510585
831101
697748
587436
702535
641383
934310
786160
759166
820998
659044
931022
830408
681307
929129
682806
540456
732944
694461
904522
807071
814496
794620
541630
562229
585045
622881
519235
618129
660978
809181
814546
511041
880610
757110
933447
503280
905342
780917
734917
979347
622821
894876
751097
765503
687595
716070
517928
613552
551766
821447
533839
812865
929226
585512
976848
591675
828529
518744
563152
706613
948141
568561
719737
816617
657453
885445
663372
585989
674359
910195
687781
673272
953286
555354
676438
921711
544053
932772
821769
827319
927876
603305
562392
587347
927471
908416
878234
564862
813191
739505
824266
625860
589470
760032
875907
809193
723501
785891
992499
962879
768541
673107
778844
517886
937608
971505
946927
554915
887777
980359
997803
634598
959108
607246
886074
676822
522393
649942
870548
632641
893787
626636
686516
573427
646180
786122
907202
641504
692667
876414
819380
672320
939091
777779
889451
738605
874757
686329
691395
793112
680696
590021
612871
996525
961595
978107
928318
857357
865620
893688
754805
705816
810524
647113
740910
529495
925399
822067
796777
793091
956437
886247
956118
503746
845247
925689
829332
583665
898969
933628
657106
903985
845672
807012
858297
593182
790525
843602
589679
728979
758748
962075
785519
861389
799300
651314
913333
730128
851781
541021
700959
725768
938568
635731
548829
877003
512417
626921
650140
527233
752264
994175
804053
838742
903270
902039
866659
651152
517807
809270
845026
599718
890748
560462
847071
845996
950703
867742
875081
999842
936697
732382
703408
519135
550887
773991
994662
875142
538797
684468
905109
904313
857352
907054
843000
884570
765914
988954
771563
868542
752410
782623
999064
736065
736218
614196
974314
671367
540483
908869
602753
739301
969674
648522
946263
626556
529690
681197
615449
639892
858248
534137
792460
907499
704012
937695
555812
502462
664098
820390
987167
626409
574651
935469
809933
608419
849087
736088
648508
973383
844776
773103
883397
645979
925184
742897
649638
912587
582619
560244
927490
720563
895642
809459
915634
880859
536891
884117
517076
848582
564262
779330
644089
998182
573596
977805
833202
563883
685772
764574
588492
714482
723138
842299
967154
509609
729459
945194
536459
917961
616291
628657
877707
692226
598906
630732
536642
682971
587451
794291
871802
509749
783795
765110
974751
882221
800293
996188
622704
719339
744621
555653
556072
994552
738755
551764
959973
907527
507328
606869
863248
678807
519973
535835
895902
527748
825472
928804
648896
971799
633067
960144
927527
911143
508468
915838
522584
620605
532389
931020
576443
558410
693258
614796
951855
900170
919324
989153
511848
661066
933510
608550
869733
564271
599492
944085
786004
988304
922905
510361
859558
864131
869262
853921
641612
508595
529256
631857
733414
661124
644085
969563
980458
991674
772793
985243
831576
755236
601669
646672
512551
626245
742992
770528
619758
726622
513333
970844
636084
645063
748937
679454
751789
842877
715332
945541
596137
787608
683828
753609
928453
674346
654447
873595
886625
842330
506208
742649
969103
588270
978071
888977
881985
745569
868104
519284
696284
517927
742887
568300
778097
912018
596271
671774
738094
721116
545934
808038
858673
854633
601307
891868
634449
761804
936288
824740
684202
711266
805929
591050
614304
940710
859488
863636
549297
732051
890853
580728
761139
755412
605703
687111
905280
844985
753274
899771
906965
642250
783798
930134
737283
643716
563018
587587
833614
962344
977011
536412
606859
502127
983993
739627
920093
933930
839506
857527
556436
953254
962136
570176
687088
551179
507290
857151
589049
797856
851692
580424
726327
743229
969617
941292
834401
744819
769237
617373
581187
986606
982044
832252
776423
996886
752782
557352
910486
905447
734692
606810
689861
838159
723068
555036
876652
816640
745909
953873
895571
994078
986678
718879
590653
901728
571084
587312
603909
672221
728439
850242
758955
820115
529072
671795
538552
620518
594303
901353
651427
936547
667026
507758
701893
852908
518356
877459
834499
928069
614380
791083
529339
885028
786261
804641
555584
747886
729377
675123
566177
888255
651645
848615
905086
990718
887150
752907
697962
884054
530416
537703
595007
814971
577404
701988
750281
702419
623944
705527
774528
678881
667529
680790
612889
511804
683010
759773
515264
908160
558735
892194
673799
797515
762373
510815
859488
710279
504393
869088
852579
596405
784233
769361
767129
546525
997783
848283
743183
974423
974796
718492
833080
714319
972681
804009
963620
609404
814823
764854
727511
938720
923835
521779
611456
949508
907218
623464
607573
962625
526676
656251
647676
928747
646002
715192
945686
685516
783900
629390
944965
715026
912683
911939
889216
578560
709721
598676
592959
930083
580436
561774
716051
720642
643465
631013
894367
709795
772539
570387
821513
920733
747238
914158
654668
817760
956522
968362
961647
619516
919854
504196
527304
831210
745162
700878
503555
531159
821888
704175
663404
739914
668772
629848
504773
832745
742741
541764
851092
514745
882844
584833
634812
671838
578102
634682
799370
638981
715860
601524
910966
584569
770333
568006
987310
611096
754005
702450
989778
788139
688695
773046
606756
817092
811154
967575
800140
827748
624567
751037
651445
696026
637181
840296
773093
809375
739692
656252
940372
680429
901108
915060
762686
985347
690714
971582
584237
673308
523092
821356
989208
786082
808322
612249
857000
877256
842292
898724
767233
859839
825474
530020
602152
895789
898949
504516
972961
980139
581228
601768
501468
762440
788824
690551
967994
878043
808141
968351
950838
919974
656122
656012
747609
748957
851393
851147
997839
899003
838069
975866
559417
551632
883027
749383
868747
722125
738101
515032
669466
905222
586172
513988
662699
804281
809886
572055
950223
649298
595161
691847
816614
840876
619788
733404
882444
500283
988562
545527
796274
896542
714043
882010
581967
724753
704710
751377
754722
875539
743891
815783
860717
841890
823475
580047
597679
612539
855118
538097
963002
574489
580912
751340
889511
935039
691148
976176
659609
782794
827603
682685
997479
532869
744630
677909
927645
644476
583873
572400
626404
625649
636002
725861
805963
560434
759803
771647
648222
711452
840385
998444
999125
519924
749132
862486
878651
756496
689216
743078
638057
557065
837579
986765
544570
927374
675174
833356
746607
704832
602777
719301
651338
768033
528108
661410
598973
856283
852885
921793
835028
584476
869562
999308
514595
878434
725817
792521
694196
582617
908821
929567
926532
517658
754590
622969
897464
520901
877700
651758
873988
932815
971162
941358
989470
936624
934469
529049
517486
908995
780136
757341
560836
673783
740829
808729
881543
978898
708849
879407
789702
558654
674994
569551
619605
630771
735491
541265
896891
960882
508928
747308
825370
836201
877126
875264
751444
751733
741054
515638
506922
733426
754800
980712
565379
623925
772103
595653
632458
641910
677520
782007
561224
950189
891394
676833
830686
725104
944417
919442
837290
504602
875094
823202
765229
501594
989823
573982
576626
947926
861047
674179
704637
962364
804755
660266
626838
833150
631013
850840
834985
619095
713881
513276
574202
594996
676323
661858
598209
915925
565137
745467
729054
626206
551388
779694
750892
987313
888057
940274
568650
816415
690178
704424
956910
821355
685023
961473
631074
755530
970689
624950
500743
625443
602380
679376
640188
619380
653259
798741
859347
966341
704080
945084
970639
773216
625455
829337
656993
783591
739373
943912
869704
811905
667869
908401
511016
650701
719270
582514
701328
578098
759817
513147
940846
931831
537755
578756
591646
986666
654095
690899
594291
786099
665015
736364
807850
942345
584184
738601
579365
738002
923037
952542
962656
758630
803621
599855
584857
828674
641457
881393
536532
812696
676704
909939
591785
750618
610166
854063
615208
947486
743615
940230
696650
902967
982966
834004
978564
892273
777615
828515
702319
729579
892777
558216
542197
546480
809677
540013
554962
526822
536828
994363
672226
883903
901482
861917
670554
867536
617393
967138
740206
779078
752228
611934
900357
777460
592262
952112
964084
775003
539763
946976
872722
650154
741626
503914
907105
841251
742815
573276
509893
514500
849829
714920
948798
699607
663425
982951
536176
555091
721655
588713
848652
886142
712247
669304
897046
554812
520171
539230
869003
723660
627075
736279
548798
693773
767037
803311
907816
822311
820696
644944
629403
570139
984465
730631
586093
723575
939473
795109
850039
721756
773977
865396
562446
562839
815852
639196
757668
583956
591050
711201
667586
553236
736411
557804
636917
609042
827663
916575
788359
879003
971273
867753
617514
577467
595678
793043
519127
562912
667554
960974
611418
520347
546343
962552
736210
802708
905376
610985
760509
787362
946176
551224
896009
913159
829405
595453
570113
523419
838875
584891
512533
938217
684518
881982
763096
692407
982497
784816
968267
767470
977664
573970
562434
887190
562254
775747
747858
778858
565016
586810
699220
875017
784186
911951
697155
852496
723410
890749
578373
793266
958400
849234
782481
601575
822260
843483
754494
598998
689134
581321
975916
727406
547227
949056
583214
972639
938516
670949
676646
845867
766493
940366
770455
843220
615769
714156
780906
961506
575823
662781
802086
553288
947615
521151
574647
896979
996165
630279
786847
889555
965976
871867
798635
547178
842786
689788
900884
818037
942829
530649
871899
919107
804670
684173
857741
696491
658696
694688
864472
865631
534461
626374
603678
765865
830900
892956
586851
721032
732865
791357
779337
763683
578953
733047
636553
849717
756546
934118
760688
944070
590654
539794
544709
629038
859042
763733
517770
746568
768802
753251
786189
989628
572070
931939
512131
534635
501826
959419
674328
710704
536739
730456
792770
666757
683278
732039
602119
907704
515622
621785
778724
691829
738069
800948
735504
904936
991356
519012
894173
996287
645603
706139
974783
778970
890142
817103
609341
975211
750378
982273
521491
831900
924992
943308
754312
540232
547621
816464
757373
617099
909667
708350
859328
538923
626988
522646
967692
760545
776674
907156
759692
754966
738576
992973
820764
624727
659747
916917
611213
875192
705252
923894
687376
820647
947886
919079
522978
835193
991000
560028
691277
946376
569865
828092
658819
976624
681677
715313
990676
900503
763930
737110
899540
508731
992853
741388
640027
858211
854055
536567
753626
718834
521850
802343
877792
865676
902527
817504
736826
976724
842163
610382
865706
583274
650420
583338
969667
748608
526662
918449
841308
502706
977872
947107
785596
558592
602211
984606
915838
764415
871548
781597
558970
770894
556509
590121
770222
690264
767000
807386
688281
693378
972730
599234
794915
796394
591431
872652
715703
738674
523995
941582
778454
761192
972017
517291
503727
538747
845161
711125
815419
521322
608475
712455
714115
642181
721372
920383
666271
617554
704034
983825
933206
786454
550499
644740
905295
867780
889549
915610
725720
862652
653868
985506
941215
786923
645821
736916
724584
672178
547639
997155
660304
904912
884829
573802
656463
758359
827647
783785
717767
644251
959675
732259
919144
793919
694752
699576
717142
949951
825256
741664
909084
541001
918749
538377
539808
793045
980394
809912
895415
909698
927647
945366
530406
604131
524307
774779
941567
789216
814075
803665
766453
609597
591556
815873
819231
892428
983755
846672
658127
888449
746184
906131
597309
995347
914208
609555
889486
947580
712322
726330
772469
722179
579201
563128
539218
941539
820985
847155
928278
579229
657517
998247
543796
734570
614006
626445
569960
671586
666682
801741
520436
735527
842651
799169
567105
765317
690420
762644
787884
551215
729024
539487
934762
735386
726884
998732
779583
972098
591416
976002
593264
573827
534570
767909
688626
842809
913699
589081
959940
535496
659922
948014
687603
846084
783963
914491
682321
756259
931822
911868
737823
922397
884441
731165
663522
627219
654668
774919
774404
828779
539730
783247
871697
579195
991303
732681
691401
721953
866308
518325
759279
847169
514088
966425
766911
937744
824155
642478
631505
981678
625069
794719
737506
780612
547299
804664
745649
634944
997604
989442
816680
849917
739533
846773
879824
785318
664587
779301
741746
697405
697189
689274
729541
817564
556985
547862
889982
546591
602344
571244
734590
548087
754122
733780
727738
739076
560188
755671
782064
728004
879479
685605
720800
967271
618010
818385
577853
859009
628698
673526
981950
940713
912097
869504
919513
575957
847136
891770
743664
781406
512664
696121
558954
948900
608613
919947
844926
522207
925032
792745
653814
804261
899587
693676
713732
564972
942577
552597
547186
713445
937281
992783
974297
810888
906391
567643
557388
524272
596679
992254
539789
951801
809433
966489
550950
737028
512910
952740
979680
603737
891351
740449
527880
731029
714506
934317
876778
913249
691139
831749
510848
613539
719349
914502
615804
504570
946597
692881
764430
525031
863443
742829
612426
582646
684456
705159
667201
518818
725172
867269
740409
982227
509784
906406
940531
910310
955341
754947
552434
536529
594616
509308
604111
806335
923838
595033
863863
694459
805410
741612
753292
625773
834104
804299
514924
582636
919591
887668
999052
988794
536191
828444
884257
793810
628978
984788
911888
709156
773659
898561
534686
895026
726108
926827
995463
883670
770358
886492
545000
967286
991977
928415
743868
553204
979262
980838
866998
527938
591074
843273
954282
961270
607175
892582
617335
662238
774099
920135
922174
604423
558199
952600
532532
940769
809713
671327
556502
558966
772999
534270
540431
745333
919771
520001
723397
926194
957056
594461
575661
830129
679989
810538
653752
673760
521336
681290
906685
789962
897354
761801
982067
528552
915032
869655
599436
922247
615316
736068
734699
538120
938224
805020
826945
879949
986650
618231
795908
838061
560678
718913
761540
580181
527755
704015
989684
950744
691805
918048
813003
618627
733570
708274
654135
878859
784482
558894
788331
523079
946879
852417
620442
678662
500885
550175
536914
625912
941893
868508
599365
513273
892363
628161
572625
913534
974071
909393
818673
622030
744701
940870
726032
760878
787782
575402
512843
587864
792581
626684
705699
881335
505066
972560
653651
548708
513066
944397
949972
681744
892928
741287
652914
973776
578247
910672
946412
734691
840891
824487
925788
935620
720120
630919
958565
588694
989896
741746
812412
786771
897495
772894
905367
752697
637535
647684
655966
669583
701780
765837
799777
740586
934540
910537
523326
664146
855247
743192
572821
969492
650053
897832
580793
851326
973871
848753
615120
959414
893581
648623
976969
765538
818704
871496
828444
676529
627236
843304
688879
573976
844597
602072
845870
577203
746088
738835
546868
717191
737284
963389
979610
975573
874112
939447
561668
759505
839238
589303
611946
547761
694724
816418
531664
848001
864948
991828
539603
598660
526721
667656
704944
762197
526809
762127
821400
580676
795760
552001
847016
983179
740157
561667
666507
886261
613835
806482
604093
517169
669515
991471
869315
876498
811795
906642
720676
740809
793099
961168
543228
712659
720533
822672
869675
692266
671055
640819
734703
672928
954418
761441
838253
747390
710195
529442
534293
816808
933776
896657
781847
775495
766210
662418
596508
826323
993816
853121
538102
526397
798208
632719
802290
998955
956574
505014
774867
616949
817103
906530
781298
952237
795942
689862
597123
845803
703996
789506
751169
843619
507809
868647
848713
771905
829892
929850
803502
802157
593645
790391
546430
645963
678166
685984
643158
554448
502332
717682
946744
822678
824275
687829
958594
564093
999780
951501
605735
625769
758766
737556
894553
841008
791253
892763
725686
657687
993067
919608
650430
830035
829028
772295
692452
616772
898993
537976
822886
535632
825083
608573
567488
929947
688457
961720
672290
534893
661720
976235
730225
951192
511911
738196
659272
791022
731753
863570
519726
629393
633658
535200
769427
818883
819511
548525
752587
507073
947689
703668
531822
544260
697259
828986
910790
608033
978223
803001
943956
674070
508130
557375
841835
600966
673239
843292
841347
795460
558452
947477
659969
746631
855843
780982
692371
717622
924062
967534
941686
596559
710938
571835
609196
864244
861620
951134
602169
603375
723483
502355
861621
731638
887057
705458
896579
926404
709575
916631
920736
927995
696741
926971
895774
993803
688568
697298
795488
932688
804305
768328
868323
682951
887134
924934
530408
890453
643827
512899
559559
932273
860703
645879
649871
702426
882387
879236
656744
571904
909217
869859
746629
642882
983217
703018
865961
746835
505460
648302
763258
583052
802251
685829
676048
948853
989598
562883
838282
913950
543649
994963
584147
723163
727769
885205
785947
976673
