9464
728579
954304
901907
698921
895736
747507
642240
644289
998158
945421
945743
827231
642018
542135
705133
930865
900750
597219
877257
819207
538986
545112
749052
792509
764324
693556
779147
674510
532103
981232
592891
554810
614085
880496
821783
677831
590638
882147
660493
809872
874216
510772
534737
581125
961499
891408
542641
639362
948361
536916
671439
783351
985993
692711
639755
812074
920687
919909
738387
591477
819090
977978
891767
616811
881626
668701
996594
757573
837756
725726
527628
551707
990821
510834
601967
575982
578890
845501
681834
571763
873798
977980
684523
753713
613553
651286
660662
520075
975783
569460
626323
574255
866582
668471
504542
656781
814184
812107
896370
704567
646671
707770
984728
827229
531069
635086
541479
680086
642052
704717
758479
583536
994256
529671
526819
696310
674653
697043
945072
991748
574762
931954
542680
734792
918171
730362
569673
942638
617622
871431
873367
823000
643390
993935
821679
552524
661176
586805
524291
504530
674814
909708
941357
996903
762950
555041
968699
691997
820650
707510
555385
974748
608233
909253
690349
872438
695063
746286
742695
972198
968049
831252
882579
958421
506187
754895
963889
807798
980703
797966
719831
934987
679808
831812
876138
635177
631165
687767
748569
826909
958940
751239
768952
978717
726566
879575
576456
749884
604297
818069
906640
723314
754282
864038
656609
628570
692653
762743
646552
676983
934835
839336
530931
734727
687750
914487
515773
571123
726351
895190
718810
831313
750655
627578
889581
911863
561746
707084
780546
841133
690142
606588
522637
717507
914834
750151
599080
606547
986948
717022
557552
600172
938937
895844
521988
890959
763840
821144
901262
655096
651082
953842
830350
828892
911506
951025
997194
651512
915517
565143
766652
977974
686671
905286
532807
760154
686483
529222
506916
781870
813013
953302
970326
542627
549672
565413
807121
981662
756943
992851
806605
611031
916378
997700
868435
558387
947243
634521
821753
790682
591547
764289
575388
963984
792502
724555
865231
576080
813860
731386
660604
791857
947176
675087
673226
698973
884747
965972
615203
550067
635703
789742
690265
858848
668594
863473
546184
708325
704751
983114
611979
520238
808271
633721
564539
766086
876722
881000
926907
503019
744293
787848
892754
688493
602876
742052
962340
590282
793124
985667
913814
860166
659223
539521
782877
799091
822848
731350
941450
651447
812991
557424
933467
839399
650824
830705
655262
529365
818664
916462
830844
833384
863454
910591
857275
836586
604482
510346
545753
574960
620273
607017
974313
784289
962454
789799
895639
935871
868966
930809
735414
722717
580920
828649
512454
746789
876782
819235
997721
578427
831145
884725
869830
930576
925880
639672
659253
560008
513252
524877
639311
665751
642933
980406
970208
620572
740874
922517
513681
564014
815383
653882
829275
563266
530939
645318
501238
616158
893713
955395
845675
611906
716925
686401
896800
747199
509511
683964
807424
534128
635865
538971
754074
518978
730524
997154
886234
663449
606496
791172
943360
587991
867758
555313
560387
633118
719432
841287
578104
975485
920891
994881
548464
503049
748175
879095
720945
867556
710244
997715
734413
804433
804082
573308
638479
792382
541663
580604
816315
987301
825548
930462
719417
755409
663834
545905
725248
520752
848899
759786
614881
651422
750734
747596
617800
694916
802847
963019
687764
985197
771738
899972
608822
843710
756561
521635
799923
584746
873922
848761
501337
743029
842674
546590
995267
884758
904014
664225
569083
610651
500139
823435
858072
633408
633909
871352
798400
913122
670575
998513
833879
666686
684520
979643
798151
874424
913174
659515
998204
748061
680552
930689
735996
696990
707927
878334
927901
875486
939841
636121
866735
526742
839284
605437
631621
858396
830921
973129
782507
936890
688107
851531
689499
717066
899347
563223
505033
849886
795905
820269
643628
690066
764417
732449
946507
937922
528524
596089
997891
891818
665183
953273
706869
982200
574955
646952
951425
668891
661367
689531
602030
722178
821836
600848
810864
814550
643236
851434
925543
678049
861937
550559
937054
892398
769416
717671
537665
907286
826022
759657
759063
809730
613056
803496
933288
515514
849033
884935
509250
859405
699464
703856
980289
770166
615909
616410
642982
988338
668832
885658
688781
715952
624022
646582
561019
991861
802810
635355
817186
741492
625692
637564
676495
654179
901015
905914
955167
997573
749642
523194
898507
888295
998325
825188
822324
741094
569233
776390
545057
857333
609734
807468
959363
514973
887606
745213
558287
579000
783522
988571
971346
893768
617899
815899
695030
593316
991365
623781
643625
925919
813759
951110
517119
865868
936967
623196
751373
559180
905828
889379
953819
927571
861500
896361
993219
674927
595327
723452
692879
725030
807103
636356
555866
735320
763309
830787
574430
883793
690092
609486
807508
601306
516657
839679
767711
849179
627790
779328
888385
564944
578040
615344
659129
991278
593885
671839
968419
843889
779452
621117
823296
759036
923680
981137
723518
730909
523371
614205
839620
777272
970383
550398
846069
627899
561181
541260
968378
662419
979881
512457
756952
886068
638068
864898
945816
891643
690334
917705
979512
838638
706832
723050
924851
816748
544047
978662
684472
804180
770721
651254
747677
961029
798990
527762
979100
787560
525255
773591
820304
769964
672618
948709
605237
902525
702518
517333
844883
752956
626742
804518
675712
742330
710398
864705
597149
568515
790084
730251
874980
864647
670078
879274
764198
667600
674513
625510
837911
636304
848843
842024
907477
674288
618910
672378
649966
891476
609882
703512
852138
979769
513055
846955
914629
809585
649817
771320
960110
934414
727288
622943
796017
763511
617054
981407
831216
712316
521407
578452
727023
575339
787621
570680
867221
748050
962720
539229
532099
615000
573907
932393
839472
885184
691110
902191
537849
896661
569403
864579
662117
799703
570394
549299
566114
664974
557092
764961
832204
880653
586539
963958
951139
696057
734609
867285
934106
894858
692268
982670
671122
772588
726636
947280
513484
617398
721239
544704
618834
715686
844152
643105
853010
508953
603866
635752
584949
744276
891749
843499
962359
579238
926769
857571
931632
641234
620398
921356
623427
812364
514187
774155
521818
975059
799293
935763
559264
539563
607250
741565
542228
758630
885791
802731
787716
529964
949380
500409
900737
956911
758841
645943
999744
660413
785857
811968
508480
675559
841601
731403
976248
763243
600719
503585
889394
954447
595051
667454
807841
959234
782074
919927
888558
917136
908489
960712
917291
820344
553899
657851
709190
868106
513800
949975
624743
863646
929301
808423
874785
959736
722640
819631
884938
675681
527457
980822
955300
830909
642440
610472
582948
993952
842523
798389
549841
852577
515327
737415
747867
808742
957908
969765
999812
695723
571588
924513
813440
914301
640395
787159
946052
647031
540843
917289
837737
951367
877669
566227
743873
757587
801886
781693
755131
667948
875007
856186
920140
783100
696984
966301
556270
720074
834128
997974
514750
888513
541376
778102
694029
790684
501371
635566
906230
817620
729295
947475
638699
589470
890950
521588
724342
794199
821228
698176
749319
828645
742419
625830
916723
913522
854856
835907
538956
778532
738887
507306
711341
984452
867873
797213
998127
920491
918118
710338
912306
603750
774192
659603
955597
823550
652935
702345
595075
712232
903915
799706
619821
757407
782825
856522
956921
522272
812302
894304
978626
840988
976940
663254
551710
692577
963351
573805
686609
739329
595244
910065
736193
874678
593565
997299
770130
595484
955126
770519
535580
601371
858523
951800
980427
502340
736027
900891
850743
803708
531472
633076
812004
873754
602146
807882
827122
956457
798017
657090
758093
969550
927103
677310
916371
720761
950752
869224
748984
551215
902768
812011
746000
583323
989166
943248
811308
550614
573115
543777
698143
624226
976335
911292
733484
535570
591305
635119
636625
636955
844428
650712
605319
605517
920387
993872
682955
705139
886410
746825
989838
694224
725524
619897
658764
978969
562018
990735
522990
820028
685941
620579
616412
520972
593684
843600
964263
834684
616867
856637
719006
802426
978834
627037
647063
519703
561535
937701
727870
636803
512665
694274
568347
614149
686470
942836
724225
735005
872662
809138
633226
795041
841715
800032
678245
541361
942587
960586
624906
782831
787781
739259
616066
943625
669337
670060
627970
988784
730004
621963
911966
792610
865698
943444
801303
983029
737711
880113
784596
935768
999254
615401
739651
529282
600499
764461
739788
787103
760978
922486
773739
790747
675984
752455
564505
641913
833968
871917
927273
763059
544678
530282
866908
568539
665634
971432
606585
521494
553059
664884
939822
689017
960176
892612
527527
596161
794619
751140
801385
546829
928462
565113
648226
879656
544790
563174
665607
791895
597956
626686
543738
771947
584116
611555
643545
962846
590666
522528
810067
808953
916945
875691
573679
618506
910593
980103
933553
640143
635317
539696
607394
906825
586900
900839
968912
734420
755646
716905
821955
543368
808938
711809
776351
957600
598494
644127
767704
778670
751204
557462
658734
869206
500786
683451
824762
985158
549320
624126
806454
747198
609829
827775
769041
684637
635507
882277
644780
593913
866518
813901
535743
611498
822556
592528
541888
699456
756566
572330
998250
551575
627740
642707
521118
972450
894451
803452
836344
976025
916980
652588
704744
500070
733815
769847
771708
597524
920773
572621
932044
910981
817692
618297
876734
843034
628950
635881
758986
908185
898848
996462
820536
932904
646041
900605
633334
750768
881756
568951
579910
996932
979639
899281
641927
787463
959694
619281
500377
711216
929956
563059
820979
719985
859964
751617
879495
966822
646849
726396
532086
544417
982873
605506
895874
546510
767071
939426
949102
651893
940186
835161
595702
610733
680717
692261
712746
843924
981513
919446
760679
857462
783821
746533
751896
518504
586814
601949
600803
786747
744802
841138
988827
608896
900720
517298
655552
993161
773969
523172
634806
589106
528176
567158
797502
543546
528774
661412
829518
837579
936287
756762
837615
825470
963540
888123
810256
705449
950932
860292
787574
580183
506538
570820
580047
815756
556212
508690
665776
694774
874243
753568
540520
644887
830929
961004
937736
793531
773145
865903
905885
838505
863083
692416
646910
607906
504413
938565
892035
641404
660341
833164
561798
675958
590875
907342
659206
541767
746760
677240
545480
878466
611705
618619
863812
999798
752197
816428
722559
555489
580662
965711
780438
927345
961317
636100
774259
801366
935594
723586
979299
509097
938870
508794
613051
534866
971310
905715
680351
570511
774835
987717
661787
556286
869591
766323
673871
648938
672875
533895
753452
897178
542183
866338
710990
748582
900845
873127
736990
520948
686272
613357
637005
674855
945699
663535
701405
981879
690883
781474
880853
943653
904020
604399
959376
709735
794589
782847
522470
861881
749635
561531
817164
666539
839712
943970
787656
861109
802123
838199
982743
686671
861366
790465
734664
742900
936556
604439
561747
787549
617668
569683
558370
907470
523787
810462
532946
953357
642711
960215
743972
577439
899454
908064
681714
994198
837448
998914
839636
952610
789267
525089
885625
973484
532618
982458
738174
596420
704104
825470
529329
728675
544648
721639
653150
770028
627165
525373
659375
574451
745717
649286
555868
970240
554480
531650
718184
608469
593684
958849
807373
770178
856581
589835
850762
888077
621212
549808
571430
893998
799881
860373
986121
853812
608836
616999
888555
875209
784034
787861
658017
781979
789537
633936
646652
763821
610276
942064
784233
840379
976213
977551
701962
553556
651275
792186
665161
800118
935549
824144
912539
969238
526543
568648
857423
520786
756327
993415
525451
888280
533403
963440
699358
952672
830498
759786
567215
543750
614443
856313
856204
579834
765875
539885
832799
875253
579496
563903
574484
700736
809913
984990
775221
772288
937439
741087
789255
543095
795169
919593
855524
927483
991525
855656
840432
842234
927977
552310
538460
702789
946388
963644
918707
576389
907718
734273
586397
893721
752863
512794
763384
524759
655825
568950
515540
652125
525087
506545
740925
585458
963526
886433
774423
781080
779153
779982
672483
651418
861749
788123
586939
972170
690694
851550
955126
584260
559628
654880
803532
706440
734672
917934
539048
595849
978609
694191
840471
911126
895202
853072
711125
656894
786667
889981
673839
855724
830836
901043
990961
727090
718160
635690
764125
675799
587935
834067
825422
760026
525417
616370
882737
705635
790833
742010
697258
713933
965021
518513
625472
621536
694793
700479
641228
870476
551601
577719
564430
605406
532129
950134
988661
648584
593794
753367
778595
690729
522747
591765
928475
915935
873706
716696
913478
559054
824864
645849
758117
510314
645161
535181
644225
592730
707221
823683
917393
663429
686607
624333
736093
696895
594070
570263
565968
805918
717390
957921
780172
680966
536612
817262
907411
882586
894839
571038
784442
537833
529898
887170
792530
617849
652708
629452
978840
808309
771039
817230
586707
579191
512917
716951
564990
587551
845709
550494
893327
952533
634021
896487
940272
599644
855153
922531
873170
724726
875713
760225
629232
891908
696024
707643
679051
507947
744839
958430
942841
992941
760255
932141
737032
929361
608624
943845
734066
909618
860022
857071
721235
909284
906763
985836
941859
876770
855013
784386
525066
815595
784633
871424
536959
944213
708342
965222
546780
918159
585759
957885
941756
522299
824072
726755
760486
714731
808114
832615
824701
833375
872776
978956
944524
609824
856398
635808
809419
675198
540260
929223
864117
984541
502847
883783
647814
661827
586490
767915
749191
638893
853812
703857
976011
540954
984902
905511
697554
661525
711474
595072
729721
600699
657182
854952
584464
555055
925337
556691
689425
781554
683251
732004
986362
534957
721262
855291
780989
586061
867088
537372
802267
867998
619512
749674
784448
768036
524369
708562
608284
690815
664959
835967
706697
923466
645428
857580
881506
945404
552676
986514
985433
549133
772470
754599
950092
876268
530160
613574
690675
705342
788349
901445
963194
524033
919134
668443
582760
982323
728090
883390
678245
848235
766207
906373
880084
717182
582950
666605
587270
905476
678317
860533
805237
701787
864744
582896
544079
985643
538566
565337
764861
835120
527525
746026
535387
593305
615216
590442
692477
723432
672486
710840
621491
659493
972230
737316
911178
747848
524902
622534
702870
663332
540527
751418
821674
968188
605664
675339
669672
934158
747231
998405
503807
740410
745319
539491
964154
968169
665878
755593
695865
779907
966881
731875
961641
662228
647959
896310
787475
500481
812152
527371
846462
621438
754588
683449
870356
798453
939803
998644
937831
698573
749970
631439
707741
616099
638006
950305
697285
739265
560814
874460
538060
532084
832591
960560
561468
542175
671107
622600
701947
589936
756898
599957
608839
918518
918333
741095
905694
967630
716196
826343
549847
857156
592060
965922
619409
812286
670464
916252
625132
994974
859135
730902
686156
957157
692792
662449
738782
824123
514116
559001
950687
544593
702109
865803
812676
804251
832996
509557
770561
932686
991693
521103
998291
730714
973716
741899
697582
744423
949341
617756
745144
607302
798983
756133
524692
988966
902143
925950
762794
720289
651111
551800
738965
673004
599552
959020
944661
740952
741864
703945
946116
703149
664526
605604
500789
823880
927734
966240
822157
585160
739182
949702
671172
981382
962713
686264
589264
863952
973711
723952
998401
822008
820229
940442
843698
808206
894121
609498
936993
724162
835328
601309
677885
872994
936051
840391
922483
732732
828795
953115
782933
629505
899322
775884
864748
706370
980132
594185
983631
642808
913337
863196
799062
668550
748040
566288
585093
675282
934885
835134
687928
707326
632231
827262
839087
700367
957738
970276
523622
740984
681236
738158
586865
671565
847960
609329
529689
673180
573680
550149
544119
633066
829876
891409
610793
708177
990881
659601
601739
618348
876339
783013
726935
703712
547615
686219
557698
983761
786616
600616
883675
952940
768813
974315
929810
682715
528064
762091
842981
695236
730479
755477
712120
716744
629268
651566
778443
857086
630823
709088
597703
791400
876703
699474
999702
555124
837934
961637
982374
963333
922626
834960
822826
602375
625300
789865
522639
778856
540158
582513
526631
917028
610045
777927
907230
727732
761863
985841
736067
553298
664567
785966
803431
603727
905285
780890
684384
892868
713867
936012
737029
679538
567818
907718
874889
506803
882041
619201
674118
642851
783012
564883
970997
747236
543514
500044
562973
924366
819782
918241
876871
764396
686011
531660
624825
593681
809222
679339
762621
573335
505121
870370
700678
686379
960563
629018
742583
556947
990600
925597
853360
733848
819017
630304
841071
736245
947524
884674
798344
877436
932867
703169
660736
795076
673429
898202
909967
848650
591619
612522
578606
543461
960518
777025
577380
767673
711323
979184
633150
900778
973087
866049
719202
847130
573239
717241
605740
612442
963351
899250
620905
915127
756866
576007
642272
892818
861794
738015
952263
811331
999126
599016
854246
520738
958132
568095
977259
945147
946398
507644
639207
828951
917178
502842
582608
541665
684068
896566
782065
940863
580038
955427
821030
705052
674693
808659
636479
786003
597556
815618
662673
969838
806605
955936
544567
614778
669747
841948
866871
896174
817497
680784
747289
950505
832881
988288
761903
880797
626145
625651
596057
955440
965557
851937
741292
788585
740256
679557
874322
935403
527731
940944
564572
571305
678549
983801
530241
822675
676305
668379
559889
549967
752472
617688
833227
957513
511762
542944
600892
632633
602609
713929
665580
794321
727322
673235
537502
572832
885328
668040
834685
913991
782253
625524
767448
704669
781548
587145
695848
826776
569271
800112
817991
719582
847098
696809
984989
859660
793033
963544
528829
590005
965105
648203
511508
901210
703457
612184
888181
775888
509826
724792
894363
754784
767658
663400
636077
960496
993995
788357
966976
624808
990108
872293
962362
991921
809650
552921
574624
661177
728946
538981
645637
784390
816338
662997
528775
689934
603213
562926
879574
700450
558219
735686
985631
644886
870532
773250
953015
673704
988572
926614
850371
838322
886883
556816
818375
559163
868767
784033
911240
761111
634679
697283
571259
521306
818391
593338
886537
814321
655391
725928
620079
515304
935873
852958
708220
943033
557976
842556
984109
840457
559876
934589
549844
649042
807577
509239
662107
933217
686403
714179
941003
817480
971682
614880
543568
664555
841994
863948
933029
840594
982653
772466
686705
992774
794203
628985
644026
801429
505612
626432
899255
928676
796068
942620
670156
695530
534704
855408
537189
701555
690378
879482
739240
830843
587753
770317
956981
928611
769101
696886
954595
820264
584605
537585
849020
632246
830492
565830
790941
992687
817474
605512
767682
558564
749783
637151
702973
828789
507879
848494
677508
509006
997196
648406
619194
675790
837979
747046
944007
956108
829796
621119
937421
994733
896282
759652
936780
865950
696667
908350
562753
684147
997215
510258
557880
679180
815344
835446
979937
565966
792991
512558
773474
758097
548226
818387
624076
789790
933890
848445
729028
847252
660262
786902
573946
857683
890904
785146
823792
500735
924946
665438
517350
528441
883124
632738
554480
605479
665903
546738
945221
848934
731224
790491
507427
913775
912526
705906
686258
936532
612350
746301
818836
745537
790879
839126
686513
965064
919486
586900
731488
615851
775660
550298
937602
705365
842571
744337
868001
549905
933302
931689
794378
774904
732770
633742
818132
942769
515924
667874
653346
660334
813193
710789
841048
755973
519779
566762
776441
585119
742364
674765
932362
672068
668288
706174
524741
786873
955669
883117
724843
584319
530364
692413
509357
519213
854312
880085
778259
962813
663247
625494
653772
755451
870520
672803
756389
718046
949837
861552
924676
802039
703348
699212
590680
783639
781265
976251
528976
677369
788319
977551
589870
865847
678559
847001
698782
779780
567637
872114
784776
723025
851734
730949
969007
632415
785859
696214
897041
542875
661843
778117
534960
882164
927405
522287
984065
917195
882430
866378
823519
763844
536807
802648
803474
546082
655607
867310
776775
735527
595976
813025
772038
803911
572441
652347
610434
697059
639248
599298
535480
587339
510520
607658
770230
978803
872935
546245
557048
833809
585592
606527
586850
971211
858886
791598
726058
823862
988958
772345
967625
915920
921857
541955
933122
507999
648884
828825
645998
528981
984419
907629
602995
905393
533905
929206
772658
859498
874102
684955
502060
801840
918313
569990
825478
842275
787870
594791
578556
667547
747393
868580
851493
935842
904871
923799
572746
952141
986309
900055
827699
600587
972607
719410
639236
817869
610446
928761
948449
765562
689699
657099
697685
906895
997878
661065
849913
894833
951079
566528
842358
796196
952394
753742
861415
774516
572859
722254
911001
825668
960135
768563
997639
614119
824907
630789
609674
980490
911666
697780
855134
684033
766772
857968
780958
818936
964786
976151
928051
860360
973767
612134
544715
517736
516702
880957
847767
916160
551905
514796
909397
662946
955390
800277
657243
596174
719082
799171
958651
543392
902840
987938
931177
504191
723335
516393
599312
977066
654208
994624
964353
658378
693976
636074
779601
886532
614817
759067
749749
592117
776286
883222
781904
872854
714854
710544
941237
693898
575968
615960
830413
517232
992061
933365
770307
637626
675602
818486
584472
755849
805727
852165
836897
538309
881604
666985
872913
858508
976109
996935
938655
785469
964065
615303
961642
735347
883680
599642
937281
637398
996761
931849
559416
923235
729749
990042
673578
789667
935791
731982
805655
606682
830712
935022
624344
583186
704017
762154
964106
826606
790359
528837
951832
955920
851621
917039
793212
661862
900924
650188
714301
725442
725434
905225
891925
969514
979066
912786
559039
636590
576472
613376
967366
808664
955137
527800
817994
940384
593911
716242
852146
756116
992585
602601
784915
794938
755205
759709
835006
530084
527973
751107
724552
689799
555120
892002
814454
832026
769931
748424
941942
604420
856323
934460
619975
895594
583913
835210
686126
678749
504257
500172
851356
714058
714879
848737
737294
639743
562135
941970
783147
747181
680466
750401
943962
572266
773661
694225
983627
709422
616284
856216
863818
692752
729973
575597
742519
626848
875546
953587
988086
633169
828935
885906
867186
612236
566488
505290
660763
773715
956385
862880
928379
711132
690887
805118
532696
799996
806962
754339
697951
857342
528778
632963
848540
984597
721294
524728
591026
605933
754112
573030
680147
612519
714815
794384
742046
570852
635469
812837
544743
748359
696597
956165
678656
959373
680184
600352
622011
557494
737079
660966
713132
948991
742634
655712
935002
968921
966382
506148
777659
597488
703525
719827
928517
943267
654598
903313
931901
741962
851390
858033
730794
654870
535414
727211
822814
553206
555830
558843
825682
913937
842253
661593
705249
653877
967563
755656
851632
988717
858080
740352
688026
640886
968186
945046
868822
992529
948962
621763
546791
682299
671736
881640
825131
673494
772360
774919
501522
841123
789541
822289
716641
515540
793547
562945
636214
529604
928974
682314
709050
911173
545696
718520
676940
606971
664362
826992
875020
846443
572293
978605
953672
602649
991055
672028
859309
929846
691277
516557
520683
530721
591163
507317
927930
899981
797819
658896
894065
946791
732930
697396
758702
833506
646830
891782
552804
568155
773018
566966
804134
651101
606114
995905
936370
589925
673258
580652
506136
693807
655456
528943
547008
837379
878258
757567
555630
627884
739090
678541
521770
875537
844844
889737
982596
901543
536611
518107
680812
541431
691688
838149
790061
978233
640095
904959
525859
544703
786796
915199
550363
740032
839399
801518
638388
871221
836729
932491
907775
701272
664909
558372
665133
886703
994193
540598
715100
777433
617398
706487
689426
669031
755223
984352
756883
853018
733137
812814
541226
973064
571619
585125
531708
840502
535885
892919
551450
749351
553136
516077
941286
505120
606442
850738
890466
677240
804796
871451
600739
726657
574172
784457
601471
978530
813572
747737
635549
619232
923358
889380
782275
831390
852700
744384
561515
724535
870996
867166
943236
692581
716578
763197
988954
971047
661310
957175
520562
926170
673471
740914
651794
800946
958468
570181
719449
705287
973930
568393
977614
950015
995622
635636
503429
666846
696077
916684
993171
558264
675648
936034
558419
828744
519001
620558
650884
625198
741086
782504
750300
825938
829628
691188
847533
945726
840662
857093
977196
770675
718755
912784
514281
729985
956012
798752
799361
707364
919200
520700
626248
613239
822154
931662
916683
561675
999288
892103
996857
745148
664966
526738
996873
526113
502955
560723
891531
933260
711067
678038
762983
650469
870439
797379
631936
764570
878637
950792
858135
608321
797840
894377
930406
613653
566104
516497
968677
691059
800357
660105
725542
533987
825384
957778
952222
784526
652939
660326
897525
718152
775591
907480
858334
803204
806999
530305
550798
632767
899553
704314
767993
896038
596425
974997
918127
613081
809528
621758
725371
533130
599549
549874
795899
801336
618096
905774
978943
664082
506280
977065
629774
677931
968010
982434
553582
546833
563678
983927
934503
573571
809205
979247
573335
749775
545332
557660
732751
625222
821788
671179
692001
978499
984608
579664
629837
605339
804316
781556
533110
648861
916309
645348
670522
925087
627724
583585
629136
699007
517582
816449
563243
750906
919049
829855
972582
895972
531218
953276
933903
787624
956809
920510
629718
962496
915180
978377
624112
511874
965482
980233
990762
833090
949693
534859
679389
835786
581745
603571
809813
749343
894896
895137
708776
858116
888001
761826
835638
906770
880377
680052
521191
619882
996604
734264
814568
962993
803534
978161
582335
572020
601844
699369
897956
679786
717024
928295
536233
744572
890670
784227
605309
589579
886795
840452
578205
608240
647985
783360
745090
926768
971695
659304
747290
737640
837296
717984
876065
658937
894201
925619
549186
785381
659653
624328
969663
722018
699907
560105
668069
513496
739364
895455
891507
652584
561857
710432
733553
612056
843559
865148
608778
923799
719081
983289
744561
722923
601190
603565
631154
796469
582028
813382
625977
669235
905135
655911
673316
793766
989569
500844
709116
608950
903107
717905
832360
798797
586326
896673
837074
559481
539696
576070
693548
792444
828287
710267
861029
649417
975096
517202
948853
900281
619365
632864
569772
940777
961632
952205
596778
659038
927635
674534
764676
912969
724192
731566
808483
678571
695683
592379
988767
603142
700216
700130
813013
714009
599782
870205
778518
526394
898798
607741
885063
851617
652721
934383
738783
656220
784495
789643
613452
623511
680822
944454
815024
649410
986028
561789
665219
795911
626299
805260
953253
872353
510240
557899
931630
570363
564871
759504
596460
827776
895112
632546
932011
708934
680699
763504
890029
691507
693315
546179
719061
707682
938489
701307
509025
725246
986087
870140
843725
787693
677098
597240
500479
727359
516734
575485
769012
500789
563934
757337
920093
673560
752789
501856
753210
629323
642869
900221
905870
847391
768000
996543
603009
763235
907127
562765
740810
821933
635245
701187
516618
828625
680641
672462
700596
739226
962231
978653
780619
892967
610257
570998
709150
958936
741278
551342
821767
795814
795008
871068
526857
811399
662727
558103
783620
577011
959317
539609
906704
990862
934109
883159
728060
692913
678721
570094
726677
758940
707648
917954
863439
729516
723610
990688
576759
686676
500237
719973
639087
798908
948169
545276
844619
614848
825118
800938
698764
888377
715431
737252
686100
609567
716944
746595
589908
600568
931847
886366
794297
738174
655432
925722
955759
718110
628474
602587
576642
590972
856185
730709
705130
669617
594929
639023
968510
592341
855879
641368
907593
993547
633538
588932
921965
508801
873134
631470
528958
842135
740703
872900
704945
958018
929014
539878
971221
636340
724654
568653
862093
928199
731525
822134
891732
684649
643206
757722
521135
682040
850384
500362
897288
586453
619724
676180
753853
581658
592253
724217
565812
983855
724930
976998
760824
933111
803833
704832
681215
864811
773594
576654
737329
697811
851061
767154
748812
953382
729185
583691
558002
548277
766594
588015
665417
666806
529939
724497
841526
681342
796881
548827
937291
776850
824354
584703
710981
502359
520702
805852
868224
578858
562558
620527
992438
826978
744002
799417
637759
830590
865845
828644
735915
595113
847403
959689
668190
903556
915194
851167
807162
815007
785490
520843
630619
991944
572100
663797
927439
747416
506453
519471
579797
893053
947177
715176
768933
856331
719340
877666
750749
811192
796565
553899
857402
500387
559509
661889
696323
785178
602311
709866
694934
970554
985297
781031
560246
915726
533179
553489
882214
772326
762425
971991
564091
928996
944810
815939
634867
653163
955699
768881
895258
607429
513955
507008
783514
830276
835227
506516
925355
924676
654554
726575
877842
510870
879667
946279
582588
827000
740652
600612
979493
844094
763151
528578
707992
915947
777063
564891
815000
651456
758169
555826
558529
561780
983438
821575
711290
600840
733019
866238
700263
507265
699738
621345
691712
906189
793969
831255
746893
886044
702748
929754
814236
547923
929966
727233
588413
600723
599243
843241
918657
586924
891333
527915
556511
576872
532177
616910
549955
745138
864245
885601
950735
822049
669507
763446
928665
931930
772481
976642
823202
745232
940518
764512
691849
644096
788177
697512
689324
864990
735222
716064
652360
904577
527131
922035
523506
896495
639281
957752
935195
671044
941176
997661
569729
970760
747280
941407
577732
516912
704464
694099
631802
984923
664765
760975
843732
537834
696419
920827
964585
704653
780209
811296
811606
987264
534418
967523
994053
544989
938469
752418
855231
641898
708621
880455
795551
957799
561301
807497
827313
851486
893499
738364
655470
593682
860395
932397
929576
764759
704457
725687
869033
639403
594019
742511
763001
705299
672253
583144
932869
682910
679772
888522
567715
924149
737445
819149
833734
945031
959737
764779
762430
810531
531260
577428
630057
755047
519705
603156
606132
799983
844769
841233
754259
855136
906627
872637
953856
955623
609418
704527
640663
584290
856497
655968
736270
827203
706453
598685
561097
686683
751027
717808
509564
866725
994736
798663
594435
519902
702507
914021
875315
696915
646644
547845
599463
570644
969374
686843
898988
509591
937438
509134
625572
793545
550691
645072
610290
628734
537351
536569
739572
991070
887520
502632
854305
916961
775521
706894
548404
816682
998478
810549
677739
802192
602873
702238
723907
990821
628470
863818
954590
563443
982905
575077
502851
738897
978219
953413
511844
608277
758514
633812
661872
892707
606695
591135
941621
752680
671012
979175
675961
752502
604127
685181
958456
523146
507082
727874
594824
538094
724881
932491
944384
961745
594943
516937
837425
534742
694981
692184
655204
984965
767799
738576
676529
879201
664203
772963
557869
788529
939762
979777
655752
690708
618284
878181
993827
877754
943031
512258
611707
754835
594283
820112
838906
881030
988500
602617
813571
795031
620069
748698
754454
771529
838955
984182
859094
872733
804397
678583
743049
885368
587722
876650
578440
740034
700201
518849
635469
723699
664321
789802
685698
694465
810806
507929
840550
668651
813280
707519
699097
839643
704497
969377
805958
858779
794932
660160
894630
663982
534260
533516
577891
690024
594053
715647
942335
516215
700151
967998
751217
528619
966588
570799
875206
880307
838855
572088
888611
966729
622331
990914
812128
847340
591052
514265
651094
840928
558245
619458
851015
673745
645904
604446
526081
969677
608643
539750
969162
580589
592206
890439
740356
907091
571224
946100
831483
845345
680912
520465
733968
771882
922639
932394
843791
821676
980905
693449
822775
921906
996452
706286
750962
918410
971940
815071
969351
881595
515225
641929
676778
959504
747463
958074
930668
858735
982232
535658
783549
998195
865978
618060
660387
961796
658831
594327
754350
513212
589011
566677
962057
983478
668467
868396
802872
993776
950917
744472
791461
542015
823929
680337
868096
725296
712229
698847
746899
535402
900269
501441
633215
961068
791417
597301
854175
560141
978553
990060
520738
661458
664465
723769
751579
524322
629952
545080
583164
906142
545404
816824
717202
820048
528696
686736
817251
925964
743217
513659
608757
767363
678728
569018
764300
725496
685743
791511
726290
681565
796818
779909
639388
703258
621356
507202
708383
555636
729502
827380
608589
551547
780913
515616
830262
955720
892094
951216
681964
832358
517366
854238
541693
788590
871710
718543
665567
891381
851110
870662
889740
510330
807736
579010
565061
952722
638990
572771
577993
766917
666783
502634
827911
594289
823987
847125
741376
625110
560773
949005
536883
740573
865438
878926
945454
634923
609495
561588
621827
810319
845751
563035
960623
666590
728514
941707
535960
605402
612792
536621
884079
506569
703035
784392
849046
970104
811797
728233
987957
701583
946780
531927
865101
824421
743648
703912
532494
684758
849563
918561
684537
573384
731801
562014
727230
972070
623677
746282
555381
740226
725523
569161
629110
929220
753933
579296
570796
737142
718427
647061
939199
844069
685812
921089
840192
535936
859722
629627
513439
774072
584168
519557
574521
636368
813559
948845
728437
943117
603271
733312
955653
875280
905218
600271
548367
537904
666694
633230
762801
543926
894483
804989
629361
999875
927106
554715
994115
680072
586843
823948
712992
876835
817696
742431
847048
528888
816935
705541
662407
666976
919009
625976
515021
770730
839130
512648
812556
993626
746611
815357
971397
920314
770078
892436
745602
736172
605324
886262
518860
515210
668042
801754
973867
849098
527072
628731
725436
725580
917743
861598
972973
989573
566336
681310
526683
536345
723430
632453
610866
985209
832420
780641
897817
880605
660101
640364
910779
701743
814674
518262
748377
964687
690267
731914
594420
522839
825184
771835
702681
886994
888467
669339
958408
611081
949035
885963
538784
836660
551193
850560
549883
770969
715799
771301
522765
624688
818790
688755
899205
920255
787440
770807
934308
639823
810860
876824
732657
851380
663181
707570
615733
505711
748175
572501
534303
728013
703823
715454
705154
642725
654608
579671
783292
525215
622415
812204
754625
881707
948968
953396
851701
658039
513235
830827
626145
656028
636217
722159
525618
570786
576480
523050
747601
514021
864528
738170
963639
719868
765459
537495
994361
886192
640255
787434
667258
963686
545194
673550
582476
913654
631668
508433
653695
818296
863224
859118
994068
607008
863295
860239
614494
894604
845799
807958
584857
551707
689280
923705
727424
943218
639356
870916
567151
626446
778655
907145
915049
847086
511796
982853
680492
631039
588840
542095
604288
533390
744096
758282
943679
559563
752106
708438
727449
857642
519001
838030
915911
834869
506002
595780
696361
602784
765158
996175
718266
761329
770679
948443
751659
657332
735593
665364
845379
718078
764016
691594
558182
840874
529315
691652
873603
735156
779218
687766
810572
965875
729221
925106
999019
772282
690902
908207
577642
747656
671832
738362
631702
699638
648661
940834
909578
723599
748957
700500
914598
541976
974529
855859
770800
599845
506813
739772
926776
570276
880978
974059
724948
965117
540651
926333
513024
810590
520346
556874
589630
912946
824509
793428
505453
958511
890700
556802
981555
637142
871421
632091
797757
565017
957849
852761
853138
834710
958486
614415
554477
790993
874006
665141
916156
769907
645004
759415
783590
710596
879556
568148
888915
599313
598134
802274
637710
613858
804332
685363
776349
857975
745242
910927
894320
960127
528053
933958
784587
933123
870861
884625
753496
948714
581403
592277
678499
980957
954277
764304
710207
899112
883183
578803
919175
507586
607997
652552
892979
720025
862263
987347
690090
764467
867233
796297
963463
696446
812393
592966
778343
928145
732619
538106
632841
595445
664593
599474
696650
597267
847263
915836
704752
719982
623386
890450
966554
954437
695256
537706
861880
842415
775471
542247
667530
974272
509466
640690
963469
841007
597209
818279
790198
789509
667197
891552
869869
960801
977424
601161
578236
873224
825893
661296
917920
686109
906449
598165
804921
644325
716277
772566
893227
546263
674802
990487
707970
917019
650242
755598
783998
522849
685838
921539
947312
657920
760120
724717
971093
788394
923603
721881
506361
888666
538054
506482
562781
786973
501649
665450
557336
633048
628016
991505
535860
767586
535092
880422
533654
961593
524406
917470
885852
576538
571379
992769
809431
813352
519252
785255
772993
733677
936779
991447
738876
842540
575048
626649
931456
913379
938929
854839
791768
798573
864434
883126
930587
684523
653533
864880
702971
958281
792519
537680
763575
613959
559492
961000
839074
691623
993868
954451
590975
935023
861263
534955
589112
975370
563028
719266
508926
618977
705852
798521
892898
576783
865803
817333
588227
844361
962267
651842
544690
843092
525375
736182
589861
758806
904803
863182
667787
983817
910594
880927
570888
863640
991357
897028
900346
912923
879882
706282
776436
628709
896190
831712
827534
995994
897153
891739
819802
709261
839983
983426
752270
962446
784397
578672
566499
543595
883956
994515
627033
638630
972071
520745
852021
865449
871734
649046
861441
542345
804372
521149
934926
739894
500077
554669
755173
958883
662030
816987
692545
875941
985176
975085
888895
975939
519004
778932
958218
843704
555474
524846
664223
606771
534441
991168
624934
823414
936840
952238
506229
656308
723661
606555
508693
671149
919384
799443
803192
597123
855733
567857
606026
926488
640670
712420
628601
691508
525123
553997
981550
707437
510062
533370
938355
563946
962359
843901
548632
989027
854040
505942
916463
689009
897966
661780
813569
954949
615657
652010
747482
841393
962560
552583
535155
823846
698194
987972
794521
570754
613987
981467
924511
643017
845999
841378
763775
790507
617181
745605
690540
657571
916803
828475
801382
775301
807718
653441
936260
917672
882295
813129
793922
599610
921754
726279
661360
789517
932505
551543
596409
848138
731105
595693
816803
897935
845230
914114
952947
691455
960991
669547
609740
760580
791944
914103
841525
917240
652830
614717
640165
682452
843687
900772
662601
761579
529805
885184
871894
646547
961271
791178
840633
809668
609526
705495
904054
747670
998419
906591
935099
720488
565238
630808
953033
980146
789690
534755
583183
909720
673150
921597
736092
724467
511815
645820
671605
517635
776959
539577
584624
658475
648301
768457
753097
522777
578992
507125
762247
510269
767730
963695
631956
587831
974432
588606
878984
696004
690662
775331
992298
614484
945245
930208
939576
557082
571848
548339
563116
551260
790171
684922
946853
590318
751631
644557
545215
936519
503686
550848
931974
931429
711079
667146
826912
673985
772703
789778
521171
811069
685295
963676
944081
863993
547975
818549
827914
871583
751022
868363
657661
886518
882928
595642
534233
512554
546532
941020
737329
931043
785961
648929
837177
718945
749072
768062
515288
942523
710208
945924
737711
839041
661996
953604
911329
544539
825778
525703
674951
568328
608278
955701
579409
915967
970259
556329
649430
990624
659667
996837
706725
740105
915266
694509
833822
837379
523386
923417
554945
883002
566909
845510
507483
806972
637014
842552
625792
514358
643335
724319
677641
725052
832421
502589
594298
881325
655376
828447
568984
636037
884030
798679
651315
524061
955430
609590
615560
529476
609995
852889
991714
810360
907165
812232
598828
584970
622265
905218
864931
865893
667122
571142
789430
549509
906243
622839
790323
572973
589916
972209
992560
967920
886458
522076
587508
647944
639066
592587
839765
683366
877945
834264
668568
599247
773565
701944
600489
856660
699979
903654
982110
884708
780346
840339
566905
895370
942272
727453
893305
786026
844650
812908
687673
811858
966932
970158
818561
707479
628979
509252
585073
591555
735572
992801
615453
927712
624413
849104
780022
849243
603084
926593
592587
672171
905866
660574
505801
998411
958483
515764
880582
607961
524372
751567
948197
955148
675468
562272
637034
825293
745240
537893
569004
780942
762016
533723
987736
898814
869955
539287
914735
827976
854828
592862
962772
507267
899577
756218
659244
991316
957809
795014
757439
931609
891132
943666
666862
658630
887036
611551
971880
812187
655203
793622
754144
971818
806728
650224
963176
639009
501330
737534
731533
750860
908490
980798
922413
511183
925860
915303
500650
739774
896596
729150
544166
903200
583911
896702
951973
531021
950327
865650
633697
951357
920533
627953
905506
686473
672989
911926
518805
740881
532611
538865
727155
896749
823805
736787
581282
501439
905669
523644
724279
850706
674956
701213
961079
631003
698360
714849
716020
650111
676417
515919
789536
501692
973459
673965
743387
716121
946369
824056
858618
746769
923524
766924
623022
594986
953361
525316
982394
806811
809932
928273
798935
563613
885522
786459
745010
706585
831441
946626
985250
810069
650524
708011
559721
592807
654827
813354
725101
517933
700908
648301
555739
939736
863407
521377
943599
930805
627803
643408
537073
923717
980751
848571
785382
907936
887040
741637
527059
707525
742190
788935
914866
770957
597525
843577
945514
825990
800503
754786
940304
514625
725900
863187
928673
963870
555787
703046
863004
974960
541962
606203
982719
823290
518878
987606
566423
628797
726814
832184
935417
543256
548052
737450
636304
589318
773084
761025
526862
920661
675915
622859
863130
715277
606860
576333
781001
604924
867215
783814
668592
560606
836210
882119
797938
955319
758973
786287
651223
981754
755796
851766
532960
687685
778807
689742
739227
636968
565353
554271
883969
734291
754197
847109
779697
544201
587608
972454
500626
831307
985801
589891
517699
926918
515621
691423
614421
833684
711319
587792
897906
503045
994651
871836
998936
648957
659591
742407
697879
984603
633002
926511
825218
637359
879984
874272
751806
632029
605793
860951
506437
866872
684155
579798
964280
730836
505651
908321
721938
736153
997176
687992
919687
909440
728916
528266
964425
937651
723831
555382
567720
850223
521069
708738
626555
869161
795006
685693
939531
736501
732740
603538
633751
948095
852080
883022
564313
501451
559109
559254
818068
943806
620728
980620
678871
979358
515057
618103
576733
517819
564598
687982
644961
888648
739840
789501
888823
644045
765824
900228
876900
987758
721220
939940
641480
558495
799216
564148
739876
733924
519799
752245
569260
951595
905501
546891
856047
798045
985295
932612
636057
867905
555928
730608
558044
819266
589580
889746
519073
987760
528599
780373
702540
713349
853384
703186
679943
803122
862216
813556
503913
660145
591532
960630
547141
578404
720613
539930
721288
927964
690492
604298
817246
772742
700517
677814
729786
878975
999687
787125
828747
905794
798999
781787
832641
535752
628702
796538
695267
776354
868405
900447
662086
580680
849363
933417
563070
709436
857278
649308
583198
595619
999579
955752
968194
523174
640895
568008
527126
971963
908101
514965
692862
946622
878425
513828
994825
823735
904850
851881
578563
815769
601594
791642
819306
806854
891509
740008
690727
695371
633331
909597
816697
983785
542598
593061
976017
589268
537887
709577
875054
743785
793624
869750
930111
939857
560957
571086
679855
580404
543106
906054
888033
804267
628617
975924
882176
509443
568732
524799
988443
962978
542540
653826
789063
796058
817215
961111
888145
608585
689012
623333
996278
875708
605498
883682
515671
681626
687275
954353
867643
891429
835821
829344
680733
958636
959927
987034
816938
898113
856369
645966
806780
603649
612218
859522
733557
600354
600305
907503
778155
619312
673734
557830
607229
619176
838212
514330
732348
586558
712364
701591
895714
528937
877109
555561
525300
937655
950273
833180
842733
762073
845279
548978
695621
763320
536206
682432
598673
684719
543756
528432
794339
581259
501926
751374
955782
696827
727710
673806
683524
789715
789836
959512
896450
909426
506139
628572
658409
525460
578249
658264
725206
815686
522880
909972
965085
795636
996126
709516
846612
896710
709859
549250
901286
657334
531797
933993
964875
998214
584863
618500
984806
721540
691896
858628
579182
568788
946725
829040
746503
855202
953381
777019
690094
594794
671177
818579
658826
977108
921024
694814
785419
723180
773890
981365
520167
766635
687812
742713
514015
937415
796016
539602
538141
967770
579405
527858
617322
556752
803708
506988
729936
603971
690227
517405
519950
726546
580409
865595
615443
730976
606074
864309
623115
643739
731272
999804
607002
936755
847827
518590
941748
940310
685576
966521
847104
890616
798272
985254
719543
720721
953343
931938
682430
633619
619416
862348
775348
761206
710983
826431
678710
856037
699813
941451
790995
630800
557571
582626
807387
831030
789906
736837
929004
813918
826233
947618
976441
965721
999894
747416
961715
764090
684963
691677
597798
988883
532517
790965
842150
943478
894268
657751
701553
566623
811866
722694
787076
780222
748237
942618
879017
783300
823756
594985
689048
704576
578326
739584
891088
653480
705772
609005
619906
710793
528235
949051
721360
562236
813312
848189
548179
891975
752759
906212
793131
549713
950373
759024
959733
686712
974520
566877
854521
921097
598599
759690
529669
540244
511987
556264
573286
699723
635484
600411
736806
520762
728550
704646
660408
716557
764488
659500
996124
990102
800376
860271
738536
825298
620082
857055
940482
959214
682410
906055
930607
677348
533030
816824
779559
931858
798030
570793
803459
758386
876986
801253
743606
837840
597323
683322
707017
953207
775135
761289
520812
565378
981817
989494
773604
901615
872798
952401
834766
757636
884235
668367
888723
947731
895617
754674
761020
906675
819253
720843
935736
968372
790346
950792
507213
871288
898576
722419
789220
678287
623198
550104
772573
981848
875780
797641
687147
540612
563305
548205
968604
525304
845880
870436
608804
847713
553725
884244
866700
631073
596642
650928
782323
673507
607016
863641
740325
651040
717462
905780
573166
972405
554234
871254
578037
999100
876445
985352
539312
755068
886581
675636
674354
723261
899675
708488
713387
804842
984908
584104
925284
927900
733999
978713
551783
774612
568240
902222
650263
651616
803855
887375
678909
759901
985771
536203
567214
642709
788891
562496
893495
859393
717052
500049
915040
558380
926512
746464
911295
633617
592679
723162
720227
916798
899528
619467
959632
900812
542041
663656
679776
847530
673750
929051
979482
736137
916642
658230
779169
779614
635113
513456
505459
925786
837823
670078
941434
907124
660079
877669
621922
764779
775675
821214
530878
721829
645323
965071
862934
819662
663037
549871
790021
585564
513523
656337
845712
619340
565856
939988
928235
616029
690994
930118
552124
637543
774434
710406
835506
752358
985059
509249
928661
730401
649609
858605
848865
867341
657781
594088
925884
743395
501545
783893
687432
795169
967511
534245
644264
836523
877514
750698
566080
951142
824749
795984
759163
829426
747256
621920
740172
534238
870838
655127
725861
979371
750501
672717
800465
845341
602358
873550
982441
551533
763841
988231
951714
579147
592428
521804
633975
892772
586055
804870
947463
685609
746277
999000
774209
871798
949023
909218
915787
629373
707511
574917
864007
570596
510536
715187
749925
534096
890554
681806
694644
832349
781509
541446
612502
993333
772380
886116
645962
894683
936352
768277
964019
800640
579926
636320
885347
707591
627925
938446
892181
606601
675218
508041
905817
600373
838873
973720
844577
656360
901516
625683
867390
629122
623348
512933
807661
991298
656481
775212
810137
696581
880748
618207
619057
750010
655592
629541
501236
813861
596713
525552
873667
698108
535011
996242
726074
557049
586951
814243
901782
957171
869469
614701
600898
587801
552723
856546
955746
693023
664185
632640
694539
887218
548383
822907
730157
580019
984830
933900
545779
909380
630761
560806
764411
752554
739199
626625
761007
539623
837833
741434
817861
900305
638631
520297
849788
887781
553181
921472
993872
765283
527399
607653
897599
769930
621098
747988
529255
516098
809756
648199
833163
981814
736252
978135
962430
965636
785846
703781
604806
852019
511772
679571
641852
949501
960189
974847
519800
906348
988323
848463
672197
602396
809796
586658
775230
712598
906939
965862
847163
841996
772838
515439
905550
535235
589839
784126
742680
825413
501322
591969
790013
808689
613223
991179
819819
706454
746515
931200
676576
571146
968720
946720
822913
890125
704162
925894
600125
818576
774264
673318
946133
895706
635325
899468
913879
637960
978773
603443
910679
877066
800705
705521
637525
646653
854021
516199
686998
964757
760821
968969
906532
805880
954203
910728
683416
641117
892942
621090
968293
555894
809374
770399
877125
826383
963451
892743
569008
660574
548024
753968
963765
598890
901358
978479
912569
752854
865307
626600
917555
814214
509211
563849
619571
849945
627925
912437
531613
881689
777670
789469
937433
572510
589982
721510
586007
759278
556986
984389
796815
621770
760970
755660
820873
682671
796629
519641
514549
743421
661778
584411
587048
849934
759876
776247
752736
836780
922802
723511
937685
880196
825823
694969
859694
961527
913506
630116
768242
683863
893642
669644
805453
989467
564267
735833
904354
703251
862452
577683
943218
724634
624279
789353
898354
769087
985154
823237
804730
558358
598989
597273
779875
653734
783649
909568
749376
846229
543657
848834
688487
615000
791715
704582
934214
689504
599808
766224
592849
514475
844777
701266
589673
861920
841679
716175
936199
930894
747793
930038
933046
698072
819094
945492
995309
568901
989233
797216
780245
565067
968001
861179
690792
979358
626613
925052
704116
733400
944232
808030
888549
589651
539781
951904
974606
952981
598209
687134
750422
715242
759991
738827
677104
926953
750354
990450
886888
646960
517529
693359
620860
947415
849237
687422
996819
580485
802573
656362
887612
717732
764018
749223
825288
984163
728385
948822
701654
906338
915076
939199
684595
822223
986409
832908
912605
977743
537493
973669
679537
641265
941677
566327
986358
782831
858536
873151
685328
891379
510575
857074
831923
579084
596172
582015
980195
507308
947598
674251
663624
810199
824838
774486
686053
650686
553764
616092
802437
876695
943237
577480
690437
945126
711957
935896
766566
866344
770865
669431
596226
837626
775513
953036
634192
939971
505654
920848
781757
914645
542340
656180
590980
892762
866356
962008
586317
851517
762256
996650
799899
889739
850418
548805
744033
541365
709497
824558
764961
669290
607228
930824
770516
882070
854977
857301
930475
707731
974730
508220
809176
523705
768459
775067
864563
814437
887441
923421
903591
968831
586983
909059
856554
538440
748309
971363
941760
963309
529111
693906
508579
953845
918571
975348
720600
766608
661729
509791
915720
878222
911851
667237
724368
587648
893828
941636
756268
736299
871187
861920
598858
947474
636051
576054
582559
658728
659047
698706
776489
544827
658426
601806
565394
807968
947881
911520
589220
760482
781701
775710
573155
897306
670398
655596
792525
848317
835274
570853
779460
504869
538490
818391
646203
753490
608041
720481
877870
886809
601623
538624
745221
661333
730950
900156
750424
732594
772154
811766
506450
583668
513033
974850
965874
868619
985439
539850
850896
680859
672370
707799
991745
712458
679518
787238
587028
977289
719692
876562
787143
765508
751858
778375
553339
772714
549547
672814
878915
607334
625866
586904
698397
998016
950431
828412
751555
584446
888105
805912
766435
789562
522408
863098
689756
522239
925141
699921
852818
671347
903662
527895
617964
578988
847074
925919
630505
829700
775653
971509
742863
704951
998521
788691
931412
672676
988821
584977
684186
610902
794048
567707
908854
812276
808215
532582
791993
988891
632530
873702
672327
738901
899690
555426
698983
953556
646692
617154
902808
757489
545821
777066
513824
736403
929057
714906
608156
814904
508996
833656
857411
937888
823410
513905
728653
579576
544438
755094
696581
705150
559992
855557
828516
725030
617850
541624
569441
816239
618810
793854
965800
744359
763449
684446
763739
654317
943793
564081
690038
871443
980152
733993
759750
913323
661149
666531
880195
747956
663840
950543
971829
568005
529271
859936
898421
799263
655217
955386
770396
680576
553235
555234
837993
949440
600812
579688
866274
675321
675300
771640
646468
830033
573923
789682
930500
648712
542538
689628
504092
545853
819708
634967
797046
847995
592778
703471
670445
835006
633917
860396
532835
597505
556006
698310
905771
580127
959353
544318
906575
596222
515559
565607
916230
860922
668772
529811
747868
663838
604835
566459
743354
951147
625190
711266
739686
847339
646740
664641
812662
560509
943092
984564
853122
778900
865688
648947
847624
678632
886126
947130
749374
668768
634475
559588
922515
746937
508915
702880
829549
988895
641444
764180
635449
891529
556521
810621
779755
788191
529910
673853
747710
510101
563672
944036
869035
513921
892102
646388
508171
601601
734384
917243
855749
523944
657394
977546
837042
707579
823699
911268
723874
902930
896136
569135
541376
898427
651135
870718
837266
974345
908348
816376
686986
835165
776871
743611
941724
862012
687185
571439
652111
546610
685022
906090
964391
794994
673479
546302
669479
568004
764143
917768
785120
713640
726499
576591
674571
900147
526515
726720
771763
647869
525433
709088
738437
540752
518090
540437
839500
636701
522910
667455
657462
946044
956775
901999
704714
878287
847245
877262
593625
628834
968232
928103
625668
684478
973392
792244
719812
594818
855988
874296
601985
885746
534289
957364
965261
819267
749002
661431
666105
954825
873099
735517
812951
767630
789851
809842
592238
807410
912035
759880
738752
607026
679167
805311
765255
975293
865609
873055
501878
973967
646461
637551
953256
540756
975889
962861
574279
944181
687584
845561
611632
669179
524238
814515
919580
585763
891583
872269
737107
573815
545686
733691
894594
706163
559117
723417
778799
753089
791120
597421
583779
700489
572826
874575
828836
907369
917275
895637
968154
907963
659728
802323
863535
620653
683163
865796
975589
884276
673428
928705
663748
714389
982687
575908
813471
971066
966154
979072
612514
613346
535463
580913
929487
780651
771875
731306
706266
958541
694235
803835
828513
639219
821684
844157
718390
518098
519049
921144
812135
869750
695989
807595
856892
757574
998652
928346
597378
935969
643565
542468
886874
716412
992322
768824
953489
701615
753463
540018
663114
503893
701209
723577
746924
619397
817215
948829
683601
757068
687647
885998
692732
820983
655614
783018
501921
516974
616560
909317
703238
660280
728762
507245
974858
524504
660815
679440
813368
558783
708468
651724
979711
877061
942345
682672
669992
670856
740436
996880
952618
592219
954744
834979
894415
522364
624971
880004
968482
759611
957682
762031
556679
704010
812461
683138
523360
767332
739286
761559
676216
909784
804387
703289
541497
800260
769827
726199
791709
797653
821874
502214
648732
859927
791857
635765
966024
566122
898082
867848
777040
865807
682222
522332
873907
843778
995118
677440
924357
927982
716456
502104
747091
571513
646444
808809
882844
551689
686865
833129
956081
603084
860847
768452
617684
949243
747821
802714
963023
972882
571400
578313
744151
818919
647281
890942
657823
701211
560725
658926
750889
600169
639561
632078
955659
587562
563925
780775
846051
755625
714470
595257
602878
969589
863779
910027
622072
503303
994226
648873
696139
902519
660360
860599
757429
982959
849940
928989
895407
914925
585530
795543
586524
803862
889470
711548
837179
853153
990734
932393
616446
646429
790203
542408
624568
938889
991498
757438
821528
644540
582717
643225
949370
825822
774874
682525
800228
967033
782742
720810
520405
860355
693791
848426
584542
632159
638489
626633
729740
633650
510827
505606
772508
714432
784233
830119
888550
612932
623222
648134
577601
814395
578827
709215
502237
921982
913866
514875
851819
930678
573849
564397
558261
886163
859102
796390
934832
518746
800037
737542
610269
749120
729030
954527
822666
726327
552175
537022
749090
838233
845554
662913
797683
693414
537008
780074
813644
981442
781628
568435
959024
515304
802749
675489
919630
630824
772602
978667
986639
926662
562381
990083
828058
625812
724298
930380
541825
799845
794553
558772
834953
875058
691621
811096
809493
924225
913731
549362
561706
875242
784667
820872
759648
749698
871703
526899
509679
995116
995798
677008
906751
784783
747259
593652
782872
979340
693827
708313
943078
996114
976919
744366
920747
597479
964604
779586
948736
574324
993241
704525
928719
819786
522670
728498
632108
721832
654837
511417
921347
646883
545168
582490
697759
881065
750949
987281
749474
647277
668499
778671
937001
691770
787677
708111
870449
703799
740681
500977
856923
920955
518712
816581
601802
795759
917322
769721
848361
930511
864656
630556
661765
794032
804750
561737
900414
907620
848323
543273
596683
839990
815477
950286
603807
752105
889842
960501
543378
757207
635440
578566
519503
648728
675965
972193
535179
590455
901753
691672
893946
856330
766116
873663
668847
502595
576252
607671
716523
556397
587708
600523
805672
822369
844733
562338
667768
958555
802021
841726
879162
736248
897481
917392
742197
518820
814918
505623
670332
688181
903178
514833
869427
653749
835378
633417
972757
661533
790392
960496
885131
596371
822959
868277
860071
757611
987482
790533
698243
580033
822487
699818
876970
594281
971096
966642
534226
621598
596191
519617
672865
814175
718417
805175
688776
755622
773960
712188
891242
521966
559022
690478
586102
971290
807748
591687
931748
692701
773806
544668
780387
594047
850476
636647
514912
619483
604636
576713
757866
536563
771829
941177
701164
952072
842822
829556
884490
979473
843399
716914
996456
699155
766585
814997
724387
772357
981521
674982
962328
534620
877723
570162
647803
712289
715599
774730
845369
758648
757266
898986
572755
639132
931090
745936
707640
893315
616657
788851
646423
674215
783602
541558
973732
831359
536418
563119
695744
737293
518433
864207
670228
691620
874207
983841
929119
841664
935377
686929
830199
834536
945076
941932
805069
593299
553538
548283
846591
962001
961860
560775
676692
531224
831669
599786
884211
918848
664920
739588
897398
771238
920114
996626
875460
558900
811484
807246
573326
694253
719451
808791
957379
596948
856455
873674
755788
563149
852044
505332
658060
513496
602752
568553
840891
769454
690369
902166
712133
825380
897887
903965
707957
931011
897269
956171
759104
808572
616673
659232
664165
663233
808241
835704
971530
877636
653961
894278
698265
880784
607202
533616
519857
722568
656133
663940
821604
759982
692632
698058
695138
742629
571106
936661
685853
921349
620714
868456
834332
526997
926543
756024
642450
939009
522422
901892
755130
753520
617714
500989
808824
590437
846184
546531
874567
712715
640460
942288
793062
631542
512916
945565
855274
984422
925583
544491
508618
866787
774778
849063
679872
980999
893738
845217
675347
700321
761281
688915
679270
712248
986916
950709
884737
682753
899851
805310
999540
879757
577253
665498
898526
987410
807742
686132
863740
699394
578169
737738
534322
535218
895855
764690
645243
629018
738002
736313
596642
708405
809449
752475
965131
825228
914433
599663
556739
731941
872391
934658
771074
526705
838045
918746
784240
819502
568113
682388
592222
921461
849344
572254
784633
719012
828580
645041
953321
682678
761784
854067
751209
909750
923436
941965
567566
911273
625711
578049
879719
899537
984182
544057
627928
543739
843397
970481
530378
684690
601186
590882
603101
526069
736548
754499
507260
977299
702508
979560
921161
721084
564280
581629
789443
711816
895208
997377
780957
858579
546070
635167
844738
972194
516246
525527
925406
650111
576604
899622
743719
815266
960888
773083
876602
730635
666555
651228
747017
664189
760063
659218
978321
542560
616840
522216
902946
700911
651945
844046
956992
504248
511119
955309
558296
871001
867557
502277
744481
962746
762353
525988
551365
552594
670176
873894
939316
600739
865890
758134
731618
522648
858545
802695
924564
603631
736152
645900
672879
579720
847548
965586
833253
675756
797036
794760
683521
905086
923173
883433
994080
820587
745006
894612
849669
939495
883945
936153
555764
963979
602301
870307
582599
550296
873007
709416
827600
667763
604044
572071
732284
546576
704782
633686
688752
914532
856804
976769
986763
730921
658227
569565
893200
971546
794092
535360
867542
611099
805635
730932
851439
670254
783545
764673
598826
651971
606207
809042
673130
670286
727027
847986
776390
560849
882124
547058
651098
961294
744319
536145
953427
664299
820383
903852
885199
568483
693083
816378
678261
620502
703021
836693
616123
524511
763997
761418
670701
570536
731616
773183
604751
720230
659411
767987
914854
949961
719032
591034
720393
529804
742917
885966
736674
553191
617158
974317
549045
506873
505818
667685
660340
876214
549929
894368
800467
668241
793669
547146
707875
542139
851794
950850
954344
858674
579005
752617
782653
831200
532822
731125
901495
565773
584181
819815
502282
556048
893546
867111
647510
639732
678778
875663
811038
981087
783989
781327
725194
973433
816725
604708
564882
590463
836425
982548
632734
917612
924949
829118
793706
968273
872426
804575
634758
564769
824465
721317
724530
809596
559367
670570
886924
605862
820998
799920
698986
922464
690629
837828
937385
952073
626360
521448
719932
945403
759487
532372
587950
865628
645110
662052
603617
992816
854071
628654
538796
569179
994656
827436
581883
924218
538873
567211
508647
686025
805473
527763
900194
517838
589072
564316
670424
673165
581173
715690
572114
985841
804369
753151
933720
955404
623337
901381
797359
818307
720171
719888
639461
622420
853029
708123
585054
997998
769624
516754
564959
643323
789465
519744
913338
793950
672123
890236
870339
875089
798652
938358
560432
962632
958314
942483
920085
828863
610558
804813
586007
837691
783492
620569
759416
937505
528619
840165
924225
866674
807091
781126
990650
977037
599914
737257
614078
515900
794191
605447
592362
555288
670068
733262
639098
685405
500319
738866
809090
861448
988572
645046
801866
531996
554307
940267
553233
817777
507777
753975
888831
851296
846449
795025
897215
807161
709285
767649
950567
654724
671176
668400
798236
815880
988450
571150
806592
542402
938960
730815
656107
592405
810686
760636
555703
853948
991192
686352
550106
903094
779676
561766
992008
652201
926480
807785
721361
923195
783197
939494
664877
986293
609985
551552
577463
834189
554456
922268
931283
728434
531202
977765
894348
848646
807544
517022
518896
864499
853765
602123
752228
908968
708375
893270
616756
632217
834868
974873
843127
916162
965040
968218
922034
655141
822217
746901
661992
812904
851825
812322
705845
659646
684293
738347
987091
578377
680382
917860
902997
769527
982794
901466
927773
677449
518105
701340
509027
901174
723791
583762
893107
795461
730737
985927
776682
712723
714656
717954
790557
863504
668119
874442
658483
530709
851756
777817
831131
783765
772626
840420
664948
998984
792648
949530
816251
912501
508234
993160
536078
573692
558230
760635
720454
978916
835538
626838
707068
870348
603745
517842
685551
736845
522990
562071
669799
598613
832219
907224
739280
545302
712776
982013
529971
985106
549384
921929
769131
805577
587673
662811
761805
556351
627648
649759
671839
880233
886126
914789
752977
589112
583082
852612
800238
738840
519131
865141
744698
648145
580587
738398
681481
981013
867450
871534
673225
673938
540642
605077
995117
754497
618586
545497
981754
766028
741864
599049
872830
530794
942008
820081
691045
762843
648585
503364
533604
859346
881193
918037
999117
668242
708073
506993
807830
525436
681463
586537
589108
541730
633468
623048
785738
667726
624617
838747
720887
907080
756420
711637
955525
550072
696909
834341
634480
650280
696954
553972
795595
818125
704210
918278
597462
810602
640427
968496
626670
961486
748692
786834
562650
746708
686509
595166
538626
526238
871360
989869
835338
735350
529972
563669
592065
729380
671081
571136
763329
622218
628357
907786
746964
955497
754965
732979
559703
834342
836258
556765
917475
998386
976729
650209
955312
663479
927258
909465
809227
929254
659232
564420
813180
806619
994219
726255
632329
821929
816016
993468
827861
874646
994407
990200
698219
555461
853917
792141
787716
746922
838056
710549
793205
825755
843049
921146
546338
549552
661721
694933
585801
906064
622252
709731
868250
645092
925824
788093
893382
886542
557576
905904
666171
735661
724222
627878
756577
737294
852459
991044
874957
554345
818999
795546
684961
686148
807443
743062
584848
591610
519083
719193
833627
512040
869796
740242
701411
666843
615209
508740
934494
994482
587676
624182
971935
866166
963075
907745
772510
828821
527954
505443
506887
885625
819531
889652
960564
865172
760945
981084
681984
900438
572962
912535
709910
807341
971488
849090
509170
628775
863024
929472
551982
501664
699293
764662
969617
659444
655426
912894
893197
877991
838217
526175
689637
935126
984266
754148
523673
787872
776667
933153
720230
500798
768898
532128
598282
905598
747242
571637
670717
762005
746012
691041
713482
548691
865871
508304
533116
558226
879064
832515
966383
518706
764227
829724
889067
608261
819450
939780
522818
511794
806625
632356
821472
812618
607920
718630
808508
917497
668050
818269
920325
687367
777051
696639
562286
580220
673915
921755
997934
692986
754510
905984
945414
982630
707990
808610
815214
784761
761558
671007
904793
578060
650276
604833
730308
925439
548444
544828
677327
511049
689527
956062
952501
911980
814854
888508
931164
583641
901350
997440
591400
670221
896264
959408
906430
694785
991550
960316
718243
566625
637779
997234
586186
914734
956874
801808
979412
551333
801251
602321
597636
944750
989522
628104
562707
947524
981739
908383
983587
782355
890442
501455
656325
885555
791093
978550
907548
503332
985459
677845
943208
575468
727227
828183
788844
702170
843229
678511
670988
668867
856795
699354
783492
932402
936957
899625
613888
746334
848979
647382
872108
788177
744502
561532
950005
817206
846032
686130
640495
527642
885295
533179
703842
719838
924128
897300
719054
790051
965300
652416
716795
643009
693834
971395
610649
757097
