9953
726029
864017
619410
875454
583608
810483
678559
793296
789631
506812
583677
757361
853148
631686
985273
866475
761158
566973
610407
952550
606998
608470
961853
789096
508642
683729
706238
654902
754659
589718
706895
943184
677778
556026
878481
684249
817962
686780
953002
699166
684519
718429
594977
631014
606812
941691
908941
507394
894840
929043
702209
853240
851683
944735
518323
543271
680992
675083
796925
533711
668197
960764
910916
948147
679547
853658
972362
803745
783779
649461
695240
528214
937527
503519
618462
893949
875332
693544
983287
603496
509328
875221
521943
797907
933084
921388
797306
620963
947507
699046
631784
513657
624164
560379
979039
717404
785374
642050
761165
648184
968810
940130
542017
517390
520961
976827
818675
611851
956612
917792
645107
527014
773781
874544
723438
875048
687467
728488
505669
665468
868511
944631
583476
596552
633294
910441
761267
680928
644782
952982
761835
784728
505663
531537
670029
564325
696663
759370
724943
836990
931509
521336
778004
915742
612862
561914
580181
671612
592983
803423
623379
631489
826638
616165
658977
615889
765708
587035
752872
637078
665757
672803
604906
841063
510856
747442
589334
560990
701711
839852
963425
937888
691420
582340
990946
709572
880389
846918
973510
600795
542780
931824
619356
749372
979616
623646
743139
567879
533236
931718
643626
787640
822341
923565
763056
916958
862436
866860
996033
876660
666360
998481
557991
990483
983353
816424
800981
942503
513060
731173
586614
724682
675922
542812
834601
939446
576598
911372
877495
555946
905163
827386
678752
839064
759360
551038
579109
626902
715717
636862
768360
561453
530447
543626
936026
633992
698193
506450
647008
668985
695142
820629
640288
949621
959458
980437
769620
511044
787130
729632
696424
615483
552364
938119
776410
830261
843229
662287
767014
838211
662675
715693
804828
835394
505485
671778
668974
988222
956710
664263
551405
503249
787307
855528
557960
519143
508583
975479
899531
638447
692403
920703
577474
642054
729984
514586
760884
781889
980422
708638
797317
560428
972700
678825
567513
835221
896224
611748
528926
979187
547248
694056
616830
526942
543861
635530
975410
665801
598312
602066
883619
784696
945476
962288
851314
538514
961441
878562
563487
717452
539547
918039
715342
759365
518444
838008
670296
620463
620651
832921
865294
714864
732018
947118
821262
671440
744537
567332
946177
627950
676337
718065
903788
947021
722390
629622
720014
909145
520554
718237
667144
990203
554179
994030
985992
881126
948595
795840
609767
581370
880374
705152
566938
915576
526899
549168
699066
835478
983117
613343
548640
548895
661518
785533
895695
690447
975753
726692
567536
577486
519068
866553
945053
906021
946415
738142
933811
720245
814175
615825
549514
751925
596264
896984
745650
668811
730180
600298
613579
759676
947554
678645
894739
837159
674985
860718
865880
859462
698926
778116
590374
842495
749261
708570
835619
796228
643364
843798
866351
968627
954694
715657
888516
593065
773112
793052
539895
639024
957737
732545
561987
950309
597763
901972
891347
974854
526853
744396
795614
684592
967888
773467
847611
586353
577014
907685
615626
673567
857256
724632
932773
836094
918053
512656
687517
593818
608761
593726
514640
816216
603536
541877
938772
780905
747395
880180
879437
542081
562390
674820
837005
714703
625099
693179
700043
604049
969032
707370
584608
624077
557035
538464
683843
732953
793403
845190
782448
962916
716599
907195
549410
614445
544529
709866
514821
712795
756192
559702
607719
749664
572653
778446
540380
607549
744475
636152
642365
622749
738461
665226
519922
718238
880848
535533
916183
973348
696096
783312
743973
633148
690901
713312
665425
868001
969806
685707
974072
574555
748396
645147
842215
583104
524811
525706
545873
724262
538195
517357
796746
617207
946544
801580
654404
701691
791944
747638
840372
693694
935523
540428
825881
946455
788801
528228
682642
955172
738990
979103
502780
656886
714356
732544
893928
517007
665091
838696
621394
760938
863854
751782
975449
872057
639183
680043
784466
710934
652610
975564
502513
817962
726420
598917
992681
951688
997571
524537
685637
654366
924363
762918
806676
841210
630023
531353
571589
768049
525527
596703
507712
612341
758505
785260
569524
581470
601181
664413
632836
745554
997086
585077
953740
678240
948665
864319
694969
965246
504050
802320
614626
802955
538415
546685
809541
828257
633909
649598
721473
674921
992985
938254
977430
844823
772371
693013
737571
634568
906810
759698
647236
714427
888686
875162
664671
791695
948475
778836
838957
991323
815808
626103
703891
735673
740352
829161
734791
512927
650009
766477
745090
929660
722078
588983
584915
736850
746718
782832
769332
568913
636934
735412
588502
542691
545350
760894
705013
850942
958801
955662
609895
959744
739879
515320
802045
574440
650334
610046
645788
814976
661260
974401
592188
942138
811200
828079
975615
516137
978064
933326
577147
780830
669418
647138
825022
984136
767067
867804
612842
926387
619001
589517
612116
798314
508482
668222
955573
823321
932399
606599
935933
982061
930139
686598
528005
923014
722739
761414
978479
671582
911009
604358
963867
921469
757359
720793
816366
973159
556578
904431
964603
759762
744922
987003
585806
798537
779248
778757
763368
964731
850940
865379
662534
567275
783065
568393
565270
732707
846444
985289
551431
982211
705412
905450
799635
809691
683005
786030
886017
784601
978946
660548
937603
768098
894078
766519
781961
970764
809065
648811
990271
799658
792803
770272
943145
592119
779914
751432
888487
794302
664395
586741
873726
828358
818907
570047
917333
859866
582078
679166
867787
966075
979560
805800
924302
925021
870240
934831
931953
815794
907690
827536
551052
505851
576374
637757
886377
537604
700726
546800
647105
923708
650106
562055
710568
629050
887232
652305
508935
550092
979050
513017
553757
676832
582082
714236
816511
878833
783155
944741
755310
633478
538927
924347
847171
657231
500610
671324
794338
921345
623495
637573
940769
819697
629790
920519
512892
955151
908280
614003
680931
544829
624187
951670
894901
616900
786499
723337
533286
995952
900165
794907
837297
682845
899845
581096
695808
506008
715831
899970
814782
854734
986044
777793
934665
837791
645286
971658
628706
976923
512433
597325
778056
816844
622443
656840
671579
943343
787780
999361
600182
690382
924202
940915
794183
679859
552303
891771
941834
913943
837861
819955
841131
822675
938214
933069
711896
931355
931560
566003
732556
536767
926000
516846
605613
667678
585429
527622
965160
945886
887843
534361
552076
719252
566329
925276
607183
677665
821196
732345
655828
939302
949402
802748
685968
696213
852365
957990
656192
920828
999469
755020
924515
990328
594938
745420
747265
571850
715868
547373
990412
850431
893479
751805
763612
809178
839337
788261
521731
588506
859966
942891
967772
751288
894495
517354
798928
621606
911142
800577
680778
604691
832245
863891
941913
529421
696657
829978
660074
613134
815726
625663
582714
512458
603417
714395
568215
543090
607121
544759
712469
999698
629643
517462
676743
721723
781339
977538
798209
589961
592125
961462
649857
902175
915902
667760
752697
990280
620737
721246
759775
963509
649325
513965
862114
869002
930196
844748
814640
857212
874865
996658
810863
803357
939988
764200
673161
995050
528440
691737
835925
563498
550301
763749
899741
579530
527950
560932
534075
562269
952228
749358
678740
831627
569668
540377
509959
891259
732350
778803
714908
539836
970831
974629
555547
576134
719071
755567
579698
688162
987284
681462
646641
779645
819808
737374
567425
591614
514490
813199
530091
543641
671636
858197
872960
953105
769719
951214
902156
564267
525515
789589
668888
743050
919256
791237
868098
959873
658076
522480
931417
874684
934512
564511
802990
689358
954101
566353
694503
788051
917683
574379
593936
844447
701305
779754
554022
960842
627247
778124
527319
933345
728028
818070
600100
520046
966781
548749
754960
866116
583043
503870
905146
556383
778338
752159
684535
670313
850548
942210
540857
558556
669197
592957
600954
894776
913868
883170
953477
597016
987032
807459
545215
618427
703808
968953
664309
775467
570262
607869
550577
512645
567237
621335
736143
998098
988938
977171
944116
856286
708952
725319
732508
640683
945443
535651
798456
914840
644978
853571
646863
874759
574629
846870
750368
662549
505869
762083
792086
951450
920134
772082
512319
788613
604267
882786
796841
761483
805609
595308
765549
646384
574590
650530
703595
563388
952046
897156
859198
671053
687184
562583
812882
728447
539443
515744
736564
513945
856051
997472
565606
562973
746052
632999
971291
946539
524574
684699
627128
864411
885679
640496
828888
640862
832025
684181
995239
859095
988771
640130
756648
608516
961414
655894
615638
767956
781335
656768
593457
799965
836012
901677
648805
893358
902854
799490
892470
832189
847959
988896
553519
679215
948936
904002
686978
846956
950074
821993
693068
544075
699787
950050
829614
738563
577615
802835
901386
784234
694746
727533
848445
834679
917714
968787
649708
771478
664651
541255
842107
734439
705670
813462
795257
873245
986611
705405
585166
650685
507348
614196
830390
776612
606986
766794
976679
633669
610466
983533
586550
945290
541068
960240
836539
728947
760615
988167
859325
699785
817092
598789
973131
598338
818643
919597
560939
583464
986928
666033
785392
661207
755883
864705
553149
599726
934936
756936
943322
512690
666378
802757
599707
941318
592231
645657
879750
790418
974995
716921
747075
819618
537510
619519
542724
611604
728237
896379
654591
916618
967043
849521
700784
901644
750448
829158
859285
571572
923929
554542
538498
877299
577331
817197
975977
967253
631979
575209
789913
773642
771726
612986
723476
647048
721826
736777
882252
595247
551055
540683
622552
819361
510602
758403
570574
904267
906145
777976
884303
920709
951588
595167
686677
796451
727445
655368
915799
836302
604306
695419
680099
988895
904247
841927
576388
574656
545489
690093
968865
827124
528400
676492
923189
794818
769206
671267
530862
935568
623541
794626
775351
522147
769218
542383
554100
578608
896399
674141
782164
777612
809913
612809
770060
966834
549165
676236
753219
683517
715745
917458
595536
909829
868344
611179
854313
573607
600651
564334
907768
976779
647599
809517
660607
595659
914260
635432
963024
860457
712099
968931
748341
691692
736331
859612
703114
934906
963412
541883
879980
815476
593574
659531
571505
958260
749059
797295
925488
977067
832746
558635
762848
559939
733105
925186
616836
789177
985485
626350
814338
566946
904488
725995
590897
943770
957381
504867
942115
564741
581321
981527
533544
766866
756290
723619
738319
883989
899270
663712
864472
868926
979283
865945
970779
790655
862564
923360
675844
974929
597624
555891
609300
850624
670199
730149
832451
695781
514498
899607
724630
990645
948470
706963
765916
607028
704996
644899
748788
861852
761482
534124
641543
818084
597681
733259
567357
535847
890814
733638
868239
997872
673809
911031
723691
643058
594212
570302
897794
938240
708428
800422
503701
744914
985697
820656
760750
548826
978943
709364
527763
945545
501301
606471
752777
646878
795851
636867
681508
515770
932022
761785
746222
875228
573676
897432
649663
525366
668997
505265
821033
654083
621887
864044
764225
982338
842176
905863
545972
591310
960639
795051
905028
746595
577373
940246
970891
666381
905181
852435
862617
862937
661750
677841
661828
802090
541010
985954
959666
791904
726550
698861
531949
880511
933289
974098
870762
761806
861320
506042
734604
506124
990384
836221
979066
632541
985474
775666
816292
640007
621601
934746
738343
859990
613973
963835
745011
732176
594801
804761
636199
793985
703641
828824
962726
577626
515702
994938
576054
582740
766625
762831
678713
911163
627912
809008
667591
504149
968470
538405
952034
597609
649722
989381
706494
596184
571931
940193
881273
782339
553070
779600
525240
875684
746097
740595
631257
668024
652401
734655
741744
510666
967793
753908
788442
743963
992853
866561
534112
594388
975679
536445
913102
888686
920991
633638
802903
729323
879223
796061
649203
978676
594392
678281
754922
595415
712119
614507
965721
626589
942862
739304
727955
734491
714136
557237
816710
687966
974848
876206
515680
899824
761837
928056
588482
714485
526626
856903
502860
928658
923744
782290
783291
787460
537278
739773
770400
871265
790571
871491
811534
625026
765803
875302
546514
821201
755381
684669
950208
899585
770796
774834
637335
692515
638876
860158
636351
669492
576201
729315
994385
752220
543743
661653
845095
604668
840733
806394
778965
516277
570109
941461
898740
852442
635595
955704
881705
517054
743391
926387
727456
637001
636407
643940
937361
908162
974749
942685
768400
997814
923070
530848
608851
790208
799464
703001
634728
504833
516192
633093
826541
667540
549137
952138
955664
931494
768833
715125
616206
788256
892419
973978
635587
893649
889620
706617
637649
727801
834498
704389
953994
722184
967440
897071
891695
538549
975638
500369
690446
726388
691907
749811
875392
811107
850749
804226
684111
657692
782422
910293
577445
803079
923235
503282
547286
694724
801290
542358
977107
933499
876423
539059
730526
644671
859537
719299
674855
571003
656350
559899
688195
572638
881257
544293
681569
868075
892097
821753
857158
947664
645950
705534
762826
674113
926593
994819
867090
856150
633148
671042
922693
501212
554290
650316
752763
825550
891889
523403
840303
924614
970838
702579
633353
867292
502640
549296
975712
734784
663296
752693
537587
808070
981997
731077
839678
786338
568996
639568
543588
653960
797396
721556
604502
558977
714103
557147
698898
627165
538128
783564
635521
593986
781708
621172
826559
674676
503272
912394
780335
769550
912840
841504
851054
536223
909891
711186
664798
826423
991408
597893
623852
624788
568992
515099
826969
786045
563823
623270
730322
890686
574459
630924
698725
766322
609455
772309
576032
904405
931588
878671
672487
549983
697052
626054
658413
657068
816392
725004
712858
866499
575766
544640
931958
952727
739486
735898
950296
961756
806723
650713
517242
501466
903772
620554
907925
881995
921479
737776
787014
542104
807973
860538
990560
924866
939177
699897
661595
583468
902921
535687
537224
696469
892675
799564
803511
576626
535366
624414
823626
978759
601595
868874
583551
963372
544879
798934
782638
846128
630998
812136
715116
775743
571603
761322
879401
609964
840882
875647
966385
960389
947970
507123
725430
677808
798624
718503
964563
634753
705719
754524
728128
827987
843996
707603
782608
582200
847419
872916
850851
697580
501579
583701
715953
667304
774595
795113
501904
837613
600047
572711
786206
951513
527756
880244
919059
723262
955958
687697
698222
583767
922063
583592
648884
611417
622099
689886
745902
575048
502027
944145
911726
558993
754665
816012
573387
801372
787726
853657
546461
645362
619812
525267
694162
628528
693573
623549
694183
831891
631360
905563
548247
968280
835404
831301
772871
564344
694988
957559
941447
948114
544794
962928
887140
606387
906841
875844
680903
532910
881622
932500
813275
697348
543870
991373
956496
972000
948199
673108
765808
706675
568277
633200
761341
987999
759244
819259
510730
712787
541623
675441
814511
624674
615505
624680
995101
657825
930585
882189
763578
509604
841078
510834
874163
553093
521706
593222
818014
779266
667428
657121
952566
756793
827380
801578
591178
918226
983265
648143
863171
833156
522202
807815
913245
737257
532636
994803
663253
740143
874467
757251
978397
802557
920631
689494
764330
545802
799744
731775
891068
935492
643950
973513
658534
839218
810334
534926
505729
774063
516948
586066
555912
633822
932463
863549
760833
974574
602490
520922
757771
726408
503771
512347
727368
951794
658168
604212
886683
636044
557978
655920
560043
742437
639784
776231
837276
572091
517706
588004
689384
513430
974105
844822
665247
546254
899939
719918
546653
739033
532572
957886
602364
763624
915406
560027
575429
634379
759720
742700
769426
714761
572190
631052
669672
557307
556705
793406
665096
742204
930999
922057
791472
679579
557446
674671
920278
882769
661527
866701
855897
543978
823709
664644
603630
584415
507677
856759
707508
690506
615698
591450
767162
529718
536955
836722
899927
990905
987748
762278
917474
888587
713857
803411
768470
539452
939392
789777
583192
605306
879501
689947
900656
572620
831033
880573
553197
636660
862771
767113
562555
832262
639798
539556
924979
625983
534840
530789
619786
701211
634034
669050
551606
969849
792583
631459
754395
531715
511272
591516
976193
906137
704234
568858
608099
571475
913892
513268
635290
671014
792437
607169
740212
623920
653444
582463
904988
774280
812634
771232
590656
792861
754447
751724
647878
913525
901612
507336
655349
758106
989472
678489
676929
611022
623181
648103
814016
617555
757356
585914
641525
954330
736589
534522
958736
776419
763392
877449
731667
887915
908991
893879
780174
674000
894645
639346
622411
681405
990499
736780
874885
591433
582107
707192
842107
714588
903340
892977
855721
877914
833621
875329
965111
837497
702242
695245
885081
875199
772312
791484
864374
655963
940949
992121
555224
672092
547334
834982
617316
980105
871291
716839
724997
639617
786066
909973
880120
775796
613000
534060
962859
948894
865432
511778
980724
592249
659568
828729
565475
901470
811764
894465
656016
511669
752685
916705
615394
747902
842444
728110
866228
501977
831912
845269
966027
591382
744952
945937
550172
554344
912885
550512
806288
638959
665712
602243
731464
516662
827245
850765
867855
916085
635589
941048
870762
563802
773570
857437
785827
675548
652813
685930
936891
844283
821086
874124
512079
780298
711524
634021
511968
596972
942405
557797
774953
608015
700029
928082
781923
646774
759367
962846
700699
657910
520535
839671
789383
763084
998450
707045
588121
518083
536233
801378
768035
948316
505371
776746
947226
682782
956055
680995
748485
987572
725543
616126
641746
694775
570101
501780
603034
690752
620807
660743
831948
713301
756228
850819
568156
643025
576041
713548
803330
781481
876071
673306
767759
782380
883319
648703
584246
891826
528849
791070
629874
719218
791832
615191
785181
581599
919925
862566
623514
747825
899654
664670
886229
800137
665982
755482
843745
835151
802896
555013
972809
903995
704731
730528
921500
766637
542938
868187
744482
907938
684236
531607
823025
923594
845345
715932
582157
956302
966049
690874
890917
984001
556428
604024
717513
526550
756313
954426
834752
842787
656581
894064
770607
765320
851176
545505
773989
913560
828646
586140
795310
799714
930806
810021
516287
785434
678173
827953
654286
695453
800111
991318
620111
765810
926265
823045
745361
810651
741173
656926
604391
834577
547899
747953
687237
524067
746976
648711
833419
912018
976685
693858
908960
616833
747874
775497
645415
747616
604216
955236
852641
606608
583274
704484
935502
738782
909694
776596
786574
633754
924113
735670
918324
524229
805573
585607
820887
770911
582615
771315
744014
905210
963162
627224
719444
835528
661021
600847
741418
963839
845487
514213
837001
677398
801083
851443
544780
520540
673296
548181
720070
570491
971117
663998
562068
534392
782563
590663
705515
707588
737900
903978
892721
885256
677058
650980
943640
791442
818177
624390
656585
937845
584456
782457
957801
631973
667482
978343
580351
897235
633880
558771
606873
709121
869602
956877
698911
762970
587897
561234
871982
755494
604998
617290
509843
978901
585927
550369
699351
972635
905587
738195
519310
907553
955737
748432
727220
778840
575203
587836
827277
857877
765131
911320
594881
961509
928674
538900
826036
554722
761277
582249
685970
871380
733731
757160
955182
631765
828333
505107
576875
535237
851999
534645
992923
538137
735126
501915
958286
744010
843774
774927
996153
957133
584208
764483
669895
768486
994473
859200
641229
589005
853848
606528
791939
506167
806028
644990
714835
569594
792050
509444
565421
700596
695812
513143
593377
706384
742970
622308
717263
708846
641510
805918
831323
794032
554103
547979
883069
863420
690672
794922
924795
899515
997021
769291
570498
671556
693590
659434
624413
864535
564524
648885
655587
527723
632251
596601
803629
535507
528298
831896
545733
866629
835255
546163
571296
908777
915681
999854
517064
668211
779069
755845
604624
627338
850234
880952
961147
739304
676866
546744
612152
647146
709647
953655
502774
660013
753650
606664
789705
978357
845463
827718
907595
785674
953369
503969
773190
787734
829176
640771
861934
568593
897834
627581
606447
815468
967279
754777
773038
545297
832867
592646
657681
645668
604236
702251
997119
503157
566207
791097
691366
871691
550947
563479
889041
972213
533488
666052
569593
739489
657007
509157
968101
979997
795029
921388
617478
588348
692191
931689
627699
814723
635050
853188
887065
941185
945104
651388
604239
952380
751255
849014
879479
957174
962223
931418
505775
985323
626297
539450
853832
887571
572327
872522
891457
870490
987978
807884
931306
784522
632320
764397
614057
962596
791012
616050
935494
706715
876349
771527
566856
574266
950421
561197
886453
990651
726415
620426
616000
660596
513601
921143
950525
739921
546186
652717
948798
818095
730753
734480
830138
875602
545695
847705
807954
653478
790775
872035
879300
648321
540397
841364
988634
988837
567935
675260
786985
558514
696560
737953
923921
597835
963541
955522
606922
871287
764277
890794
730008
653358
684261
674894
526023
872543
504429
724690
732828
625131
822147
617435
660173
887669
740319
716730
887157
844928
833990
932788
867363
772777
735589
845783
728242
984141
670361
944750
947254
650421
944695
660219
959365
755047
684974
544585
961350
801760
556631
759763
702636
985736
901543
923316
529177
908621
651470
528852
900507
539141
771856
998074
794713
715141
759296
847069
868671
816604
606835
514982
873055
805870
922217
903296
561844
776889
896366
782353
973601
989849
949715
670393
684930
680549
523880
663911
744605
844961
691322
661889
985906
729991
554542
595022
506082
847618
623456
961516
648327
948841
820393
949428
630996
902957
937499
597501
697173
903041
531651
590246
761056
830252
561976
666063
871243
871363
725960
837167
818472
847717
975295
521200
596389
814574
582068
571989
753935
630149
681341
794733
638404
525718
766739
671583
818866
690398
877074
755657
815993
920465
955904
698239
698431
521026
866069
819671
706698
556047
558849
838049
631273
529139
908884
546474
818378
680061
529717
992942
730385
900318
800175
788086
524601
844263
629794
776614
583369
758721
800774
796384
575467
616007
518530
720941
508137
728325
790478
985261
542871
996887
760310
898880
920527
680706
982210
601608
917698
814124
746264
536335
973098
687274
933667
630326
986469
624092
576570
818270
510689
731904
703208
987268
919227
922487
539331
537402
502039
808084
599025
528393
733905
591769
512787
790992
829862
891320
991742
595807
709641
655488
754477
750862
690253
933503
845001
888589
727789
803217
978300
913270
530834
886985
839673
552003
815904
792960
938568
956793
619493
679138
874078
596098
532535
611266
790085
695561
716486
848134
688491
877011
895951
946784
936169
656114
572111
807515
766010
850463
574534
706415
641190
571504
925229
963409
578261
713502
537026
869594
729822
625620
912246
673922
749060
501037
883449
956772
992502
919385
604112
774328
906555
634715
577380
520874
612977
578807
668234
926986
803153
711985
665175
611035
636596
564181
874956
985464
973578
543004
846566
920283
973287
920696
929560
525628
880611
595279
972137
501079
776288
528572
582026
616173
824912
704321
698822
884857
978143
801383
603928
561812
918154
760915
866612
895883
779575
878163
724315
552558
572066
661165
965436
941660
813718
757972
886718
746550
767144
800101
738884
818622
941184
721589
572187
985255
530913
563086
729383
684239
541194
987266
702596
614792
566394
512733
551677
986163
651836
918528
820912
860904
705992
832909
527715
810724
839574
501499
645685
794494
832538
834391
880233
804379
705861
832225
823370
977916
817559
537739
745044
779402
641214
585741
747741
790226
773673
896762
846800
983121
821684
592192
519451
927211
536779
965373
785747
798206
918298
784268
689315
518972
564654
899979
844705
669216
618083
533792
994006
722894
540312
915242
913926
618654
809776
778660
743760
678238
940544
757893
608733
644754
910603
886491
570504
504656
510028
539728
780891
837171
764516
622194
980192
674668
793543
617585
824233
736956
584940
718126
784929
530338
531283
698708
885504
920864
781021
865211
530271
973251
615883
839243
853291
554211
530540
952308
628660
969265
575839
799107
575254
878270
729622
716268
538463
885245
720854
943948
774632
723960
792021
859294
930723
737341
535659
824757
610132
871295
746687
835979
513330
897743
911508
602328
729541
503203
631698
868346
976436
753201
509779
650373
720375
852992
910185
784471
523611
595118
712797
859741
667917
656177
500409
587572
517056
816468
840007
585216
958014
728090
747446
829716
739035
776216
678689
649326
620655
879599
904807
978158
598149
521219
947097
558019
553202
599267
958074
560347
964124
986454
932607
550332
797007
698955
831575
992694
992023
901038
737485
591707
896231
970467
885755
710393
869370
945046
901211
594362
609971
710555
954372
933069
837096
538813
500661
760295
669531
629784
526005
976576
626734
872798
807766
708796
524570
606085
737385
701351
700557
540828
973873
870402
687923
925665
817128
920792
716055
750495
536509
530684
664544
713512
625237
766575
865359
968292
611789
946204
705707
520747
717560
676656
632286
844132
718767
962312
818996
551581
859342
965923
908232
953235
845778
567009
818055
595092
913169
917362
662760
758704
699440
800091
872329
604778
830055
956078
888539
745808
620481
645970
885745
544864
827118
508751
862485
699002
854031
511269
653594
617946
906623
920268
765070
929354
996482
981563
654234
545347
660599
939692
587221
660505
681479
726742
923970
939845
979897
919229
669567
786760
903989
664601
844660
567104
785708
621698
953952
608383
630985
572686
632572
819566
766562
784857
720426
806058
962565
876355
732987
646549
555235
620896
541777
728613
780145
843223
553806
896197
778602
911314
940441
556250
909778
877615
838009
763626
796335
960558
946685
718705
896018
823288
760010
596792
912043
874953
705807
722776
866321
716836
574106
752876
866676
528607
849748
522126
784651
803782
737606
640249
744128
728276
610639
910861
951494
527121
675218
983122
838833
771350
926495
819387
635896
929794
972016
855426
842981
777706
545945
810589
902008
775706
575069
785599
535041
691358
652206
660992
579147
663503
871490
837595
607121
824966
688285
696579
840595
987957
563241
596029
955623
968879
807403
874965
838303
919754
658277
731338
858644
904282
653609
802176
754329
504684
984822
877350
990734
972726
524993
858436
734451
709732
606635
682380
529757
955632
581933
912967
729689
578266
655311
653534
914828
655085
801318
957319
550049
861720
876185
723703
570798
771205
981121
823822
716577
906487
686699
984141
553491
936962
773433
503855
891629
549609
911510
728613
875023
611901
733144
800403
789869
802867
854817
513348
893907
925716
747803
560680
704279
931226
767833
764424
771155
920266
671714
669130
903494
822034
756040
938867
598630
882576
811052
896266
863889
756525
808954
805068
857176
567526
531693
771503
907990
864680
881244
550078
683622
832820
936127
518630
729209
505118
746513
781012
555447
568455
969744
574337
774088
521737
654083
521701
777373
560560
625493
877075
710577
990186
549776
535525
584800
808714
909587
765833
987223
512318
966419
617186
783537
894151
528905
624800
836264
727341
808854
809643
981884
743139
683502
768905
929134
710340
890179
532163
634432
756281
511893
701721
997252
662573
653062
646308
652958
518213
541280
914408
832265
967472
758472
716978
877396
961064
577821
801832
965517
691293
837109
851551
545867
803229
736503
923980
662913
505771
987368
582813
585191
911847
867835
567156
772017
682459
859109
731412
777268
910878
970549
539758
823820
989365
772175
942387
696068
708997
557846
530319
840584
543846
637767
607892
958369
743289
881962
734541
813096
614771
889612
645941
842578
706312
832676
630374
867666
665353
733071
581900
672792
998834
531985
697270
738199
932582
914458
702882
750299
867798
726870
830339
796652
818426
927355
909157
953690
661879
875310
858153
816203
620402
958006
623503
696231
844959
536015
729250
576845
943095
554625
625379
644607
930564
536386
705661
992618
941688
769127
713544
626877
825960
667151
957536
856279
675259
646949
802577
629511
782685
751801
834589
691441
773461
697648
533190
503763
881485
837542
617387
778153
735846
520924
508456
657611
553802
675068
820001
768579
996432
967282
978385
512688
689617
827490
676853
512111
601274
583298
816865
974457
730404
532858
535299
850707
892293
674516
719715
636290
761100
711861
967280
959247
914041
697087
601119
954911
781532
991158
865164
974315
741349
586339
620710
855293
577362
826553
506147
763881
641369
589027
769504
909650
973372
726652
593058
634306
562438
569225
567196
685698
572741
653150
706171
678935
632618
767062
979977
587853
804589
639786
607627
664445
660008
777787
637927
962304
527776
559315
506522
839945
951387
937551
681199
511527
706789
701972
701421
628675
706580
917740
688975
777364
708141
844457
790990
585272
584526
863694
866754
723935
751509
654713
723586
600144
953775
605134
600613
583339
991725
663730
988227
781397
996595
590441
980518
659554
707070
576774
842474
987971
921370
773497
694804
776123
751559
736263
639575
898045
822950
504081
895630
719550
865673
788800
692286
903586
587316
771919
722722
534362
911717
850088
836716
807468
727635
549583
799429
888421
788505
931209
775021
562611
571905
813152
572849
569968
709611
505238
716289
892253
818586
584841
731536
769481
763083
961150
685089
709321
511424
771584
791282
927304
691347
641517
875665
644575
525979
935509
630762
615351
653672
638082
623658
825462
655697
928867
611306
707943
965153
553175
623623
876489
680651
978710
682229
685487
835407
797758
754106
996381
897484
509677
937551
931490
636802
799931
977276
710504
743596
734213
692043
861224
959445
641265
647470
518601
754188
905068
859765
570137
736769
768743
809022
721109
661556
516670
916689
882823
674565
537723
596817
826735
819034
618306
837689
782233
724294
801559
953697
738380
792141
960696
845513
599571
709781
726817
512427
583911
578197
756904
910483
822980
898017
594826
986542
765271
630256
643667
631883
935360
560680
730134
866049
578712
602495
777918
619623
522801
542629
638479
866629
938243
890750
878423
522427
755967
682974
585600
669405
647667
922723
887308
666712
951868
523672
675804
516162
606220
527868
922053
781747
580725
818106
540944
631648
537529
835026
778583
946058
827452
621224
722865
919102
515645
996944
591240
860628
771454
658166
881230
872183
968026
597954
882605
582810
879034
825543
616052
652823
512495
771246
873904
749575
959270
924970
992239
768246
935162
947464
892089
607345
589200
603808
861827
833200
707036
981369
871674
576684
586442
711580
805959
645238
883061
506956
919673
617686
535773
676910
956844
598191
866834
515487
755674
751596
988788
704892
687776
546219
910405
928671
681909
623037
784133
633036
795157
746119
794156
905440
794071
696165
722196
640190
545742
678907
501503
916622
792959
739654
572344
917820
616238
984886
663927
855109
996790
956294
990962
896517
577683
746338
934183
978857
756737
515752
841894
925590
615652
518620
951829
742009
508467
549438
883391
715915
755844
671515
836916
756051
758643
918803
974761
868720
681794
909515
783664
824954
657958
600755
738972
613541
773233
575897
583166
830548
692006
670093
937022
798943
624508
813872
614954
564265
616611
685230
598740
668994
877481
506830
905481
915065
926428
564803
945919
933021
624149
587077
626892
630435
764421
684009
980555
894619
505886
870512
502947
675763
988662
612092
821750
963830
722256
912320
637446
789458
500978
797936
915117
896089
622388
524275
512062
557963
734627
588035
803320
573776
663038
883994
850261
779753
787706
838733
714932
936749
694565
707582
845684
848499
585873
658898
699172
523540
966996
850182
591880
527863
782954
637460
979982
533231
893804
659639
562866
931242
653460
691114
983902
613177
843158
865825
957756
573084
653208
930014
839714
875919
963319
520220
912312
617719
665949
858212
637556
501562
716227
717592
741889
724856
769735
571865
799472
921521
742104
503348
654559
787917
878982
881072
581855
540937
679985
719316
591491
562493
588965
823613
847766
828780
875945
695844
869724
750927
795681
810149
613023
606948
567296
806602
929334
566564
763846
930135
717405
588184
701799
910174
986349
693479
696762
922040
772556
775735
579571
662407
850417
572335
804725
884628
578974
501010
539815
729563
911436
620070
628973
762943
780249
554161
936673
754896
609083
510214
725690
811397
848895
970342
656671
705795
845986
850271
860927
699549
588475
989723
832925
972038
980715
872690
898144
549468
547209
840938
780239
937236
533032
534207
560262
771364
613650
801876
587735
936295
663307
964997
666729
688970
644669
558751
607066
750455
697733
633296
896654
551264
554027
725949
585960
538959
654939
635222
560792
906112
986750
506538
549187
874829
613353
854721
548491
775168
941464
780237
777243
856175
571413
911595
771781
764841
910404
677580
894233
578950
658396
577367
630034
889708
874945
539033
547924
504544
502568
713022
790806
677989
922434
651776
646621
882370
979116
624100
597633
570146
648918
993915
818675
828443
601297
588676
739899
992463
777202
751368
745004
823647
994499
934121
891960
999521
652206
821663
959855
981442
677286
677888
500092
735621
825875
598007
708088
785091
866700
602418
616495
556655
666017
578824
732593
772938
522742
855747
889822
764863
733183
532358
696962
645439
582574
877045
571267
829518
899889
925279
680504
648507
538645
937574
814066
510460
609158
696440
558503
630592
563280
625561
888426
645199
506425
794199
742925
504063
952878
569013
528357
617845
654308
615242
564746
532824
986717
855921
577538
756616
814812
614622
961871
652696
789561
527311
802525
943178
574188
924727
902673
794277
923483
946115
688483
995746
620404
575641
722792
727663
927218
664629
588848
919376
631859
669135
583769
930899
688851
514616
501637
983178
703525
887027
566835
910018
563548
514564
965623
581554
708616
536222
821207
929533
640941
728170
699901
648953
835081
645794
822057
602955
888461
589016
924625
998055
945750
726904
932509
916714
664294
514823
956189
957325
928369
932323
884448
652205
887004
572753
950055
602431
536912
901068
775486
581733
564954
836700
878137
905849
810488
873690
545438
963305
811162
860760
613239
732555
888710
898556
637025
512435
657192
559498
670341
651702
820102
616890
607305
800486
869609
752032
929327
523008
908671
685292
756376
538183
677955
701071
625358
645323
803928
878227
931368
686296
549769
694971
951902
950303
723035
540750
843055
997632
774539
848945
502633
767509
725241
983757
925196
861093
722924
920376
898755
638466
693905
941910
868374
951089
544312
808355
731601
903894
779613
913602
858757
845265
849232
743883
840000
684563
937774
950891
562922
599497
984446
896680
696393
684243
509013
839378
574556
568106
677058
520896
959689
540119
825959
772745
844337
984164
538117
721013
991741
885254
869599
961801
835278
858235
541639
536587
811432
970443
574831
776124
755498
772161
553976
990221
775945
532544
687770
634228
800060
934788
819095
570484
838507
758500
677822
928274
572932
939290
572888
576859
773078
904603
961801
776325
670109
901530
638187
886220
860035
674130
501165
951180
640267
716886
913008
655320
540821
751388
912837
643784
812260
877451
955521
845718
715717
812554
755023
995043
624743
968560
610817
958949
667988
781320
639502
942695
882437
643373
551059
561064
882499
652914
612598
993601
510757
869118
776239
898409
926460
698323
934792
968937
763763
686715
630397
834010
858911
898191
702992
642966
747030
613524
605789
705774
931087
850206
656247
631579
630824
560620
545734
923993
954686
536671
696738
514062
692870
715854
524916
512533
664611
896508
771729
614313
582169
551184
641931
846380
624719
782562
996900
626735
625810
992302
966451
670389
575697
803975
829255
528856
939905
948955
874042
552510
651360
807290
614802
840992
564352
727935
716301
680092
969770
546291
558283
668191
642803
848213
514542
881031
589167
617760
835754
833923
542787
840465
621980
881402
864114
905548
823224
816945
832181
601636
852877
810775
576872
624900
749728
630552
814892
840906
748199
517121
543780
967994
738353
829319
756263
576050
629365
658703
662354
571087
969823
916813
835039
968770
868376
503668
605684
658983
961591
556761
856928
794778
637812
792657
628185
588794
868584
815263
629375
604551
860694
889684
560114
658061
946463
757235
534969
614577
549240
593081
665929
895629
840059
945599
898713
625248
892617
818190
952163
835192
814049
760219
865624
956711
661109
770188
884462
835180
877012
685118
674871
635490
642081
825748
595898
655918
899239
540747
784427
885930
883000
991553
820948
517458
900805
969016
675546
696835
648390
664944
627406
975658
929118
893657
692310
893214
843372
673026
502521
529697
659364
634719
851022
915382
642312
523313
731348
895944
840074
669426
650217
881419
994344
525028
508558
647370
507780
521792
716170
624348
530219
578882
646992
670633
997816
583113
646859
612923
547917
905323
836708
910188
957526
596735
641404
891433
576498
534595
894098
841554
915032
719005
690095
685911
646322
687125
989864
894844
656114
537249
962759
659812
561052
709439
738188
890607
957137
569449
829255
711000
696062
594382
524514
590552
609908
680625
631109
792519
668224
615189
604242
853792
647243
531122
531724
669501
716488
944404
596710
584891
633813
993315
750076
733891
628576
993509
502430
834887
983003
612564
902727
651168
990502
729362
562573
752179
500808
608701
645533
926354
982586
567174
922652
824415
636623
635811
584202
617018
647258
632579
736568
805611
564315
704865
828423
685838
811474
804025
811423
972050
608254
763997
563624
780767
538033
755804
721607
805435
858245
925627
937653
531786
515795
838195
887134
947422
900880
802754
885168
581685
586070
780052
786775
786968
694092
835989
938723
523964
967760
861632
839153
707378
985998
835152
891617
735064
539872
804837
935525
638968
707327
524531
642329
504577
992220
997204
980146
788803
783592
677966
751574
854256
638210
639850
618183
743613
767028
674626
768248
923019
964922
961035
962818
908642
750153
812840
539312
510905
669755
757471
540593
641682
814842
628910
714242
680948
944400
967241
608383
598144
991266
699134
670229
556499
843912
879320
874518
565163
568369
698384
567461
557476
728463
773469
666507
791407
563062
956803
609993
907222
651459
943575
882015
663455
834115
855120
602072
514071
929868
935720
960574
759806
596583
716840
914405
793263
831892
630029
676023
507075
624271
589047
814413
783988
948705
789361
588233
843522
568097
707354
602445
897744
605668
653017
527485
802226
725841
980438
955633
638478
878734
803865
847607
869816
889148
744298
905681
790321
666917
639807
956280
656156
848625
973768
945166
989460
696582
545670
844861
649629
588071
850135
574466
856006
681534
709473
916277
874527
803539
789968
677780
778070
709292
876178
926442
895812
540107
507303
836226
670127
964273
862005
660874
656115
662616
624913
823919
608976
975430
543641
841875
856992
547645
956984
625100
815403
907665
580731
670500
869382
775989
860283
666968
825809
692477
996013
762696
667826
902420
756336
554617
650160
627184
522375
768790
903365
742583
673312
633201
937693
650943
619583
566133
756107
953540
608802
790271
775615
921375
702671
741163
930075
545717
813226
567131
717753
823194
723686
667344
653666
969484
800590
534699
516994
642081
996742
562564
730321
999527
521855
573604
772412
563443
729640
970356
701363
868112
943393
545174
957125
816316
814044
702862
703939
833127
827053
932927
682041
646887
782815
877413
633076
864546
660804
550326
838505
643852
741659
728900
550409
900873
696762
742622
545478
748447
748150
598875
790262
799236
500756
576159
822133
511434
768189
628757
880777
847113
547441
511261
553506
852565
544148
669624
994176
940289
707761
520604
996452
920756
854507
877316
547966
545768
971442
973165
542519
597559
511777
597211
614654
588539
563993
836064
880737
888052
937087
922341
664868
583868
506389
607780
965940
950407
772369
607228
968220
515482
836726
588067
933740
975432
801593
581987
523233
989132
840296
505637
938357
653919
869227
652466
655322
950759
585330
786804
871078
516572
620955
687059
946917
707655
834095
928405
938923
626287
954058
710638
958764
915675
552603
826466
887697
895561
865843
696687
888922
725351
996762
602767
855530
835180
767824
996490
541336
751156
941833
685072
671781
506883
967024
874578
769488
627249
713280
837399
623944
573859
533072
673803
981849
984697
857947
700320
579202
585721
968479
569007
691916
520963
677310
784376
514584
592234
686421
554012
796033
951026
729649
857260
916623
855083
792492
513085
586920
818794
913115
871647
947057
996760
677420
616176
938792
864078
980704
560480
662289
661427
916075
985598
870414
609969
978784
582147
839348
948686
577646
559684
589328
992332
678136
998318
505600
739607
626020
640819
780194
595749
770483
916844
619389
949617
620078
970627
676063
988038
911511
933974
709474
755571
561019
707973
523390
509099
804704
616728
509516
638912
977794
813829
888179
641707
709328
644031
704268
873320
557073
883374
900427
985156
836629
879731
974008
703226
992416
950161
505410
549179
993510
867533
963228
958426
767323
821591
580059
872208
946458
916458
720966
919001
914403
713530
773016
864591
964108
874142
933976
665723
633643
521589
617652
589249
874788
650318
663621
977187
535830
904413
534540
743923
681286
921232
703456
959249
925637
513726
781266
884603
716786
781515
615484
981894
699132
617150
897866
514333
905215
890272
556502
991134
607401
784595
910763
815392
816051
972125
644784
585246
559578
741078
895135
679447
577036
516798
838248
821942
840825
863710
992160
879661
706452
688888
941949
766118
856219
626323
949506
709644
843555
558071
581120
848117
994809
751485
794771
610554
551945
959093
653107
969075
738416
865139
521225
847579
992832
878636
768098
546930
995833
980216
971871
629042
961433
816533
760120
863470
992475
827857
684159
602646
627944
716692
862498
895324
731148
674459
903421
909750
886310
623040
511194
679800
640351
747807
554645
919468
647031
893037
529043
811497
941211
948352
792723
818404
925382
722889
559970
783876
793678
873131
597007
596221
539470
635995
837765
643276
944248
556333
604113
770824
544245
567528
803913
744470
723025
836952
776393
557837
999364
678717
991943
602653
649134
516506
903823
870008
576761
976302
884198
626667
874535
523171
959805
631522
510894
552072
822686
539754
570433
755422
568965
552910
632324
503371
920762
632340
545718
547023
686562
815379
630576
548772
566379
719968
885187
507372
864451
960496
769665
724194
574827
811923
807180
942023
907828
912244
957068
547681
544748
610828
986288
660901
966230
923436
968353
516126
743114
903872
923562
845018
769474
518895
618807
663815
671423
764043
850683
908970
858467
890567
593069
696209
772240
951712
853928
886087
999968
943230
587278
717570
527117
703471
952124
553003
928332
756695
995098
914396
990652
857288
898145
805847
849846
647994
640215
589946
719061
572599
811879
865140
764114
662596
579135
673439
976669
807696
938081
897262
711974
999768
837599
766428
774143
914524
781018
961764
815113
706768
833959
533809
866392
718043
641262
713018
505431
736935
870371
550144
800572
595778
981276
990897
581286
569409
910253
873144
576965
533570
912479
675547
638518
817767
545097
625805
631348
671721
947390
899506
661739
841037
975232
894297
942939
779645
588094
921931
924231
513964
592249
903334
562706
942940
582886
964624
973830
773159
689384
996112
683809
881960
659921
658294
618812
756877
905327
913801
738987
763498
786693
832630
977934
994838
912741
552202
755370
592437
566910
560986
769188
650296
865838
832334
912140
536693
563722
786071
893531
862817
852963
965019
970799
603342
880512
516684
662709
709224
948925
512943
688553
776286
926935
756833
786519
779537
607468
526539
958224
641136
689050
583367
682546
778711
557707
959704
629704
784802
925443
943949
827663
979423
836961
831693
957035
524850
565645
959177
743774
577716
578882
600138
646631
587434
829365
886264
505147
657566
677878
566359
740470
756362
719129
943494
865538
879141
632317
697100
540622
583798
619817
999916
674856
629186
994570
574894
942628
992695
546439
573875
680952
879616
528702
968345
870215
693018
665346
546310
660750
709609
896919
815515
521633
655358
912531
572055
500946
583430
633070
997588
926014
728812
666665
822422
858290
877183
934049
645562
644020
947480
675655
839896
781442
776834
602653
945120
569247
578685
934697
515322
730470
703259
518390
791632
550275
683536
989621
764728
794843
642205
539225
647559
885175
664110
529717
797502
798296
699968
673913
850966
615510
570125
702057
721454
775742
892810
984394
942521
547154
677237
845048
623157
673271
833348
798261
690750
971114
648448
623254
849949
642798
693820
959800
880440
730256
655289
764528
760901
591373
739787
512023
513203
718675
645690
914884
910045
983951
749472
906899
545706
686504
605377
546573
917565
933872
980472
814933
740260
647350
793523
759123
970271
892706
529937
585190
835198
953586
724857
938620
644913
653967
552251
727845
624376
989500
924669
521952
899364
725582
826311
532703
573688
891480
788230
510554
578171
534835
588526
711728
623324
995391
657181
951529
830358
719724
876308
553804
788136
868435
649615
569730
983328
778530
975492
722563
806009
678867
749561
951665
879059
962411
579649
798757
543709
570769
690996
735855
790689
875047
869781
752592
952591
727797
608607
945010
898128
828396
535399
784146
978752
848442
785208
603910
697002
861124
587670
747721
812731
752926
916922
536226
508613
997320
728111
596131
884825
666107
665832
756827
642756
951878
909834
776606
594943
881871
831845
814895
824663
640594
827781
993109
737224
631837
927633
678333
839041
659083
645622
704282
541419
940794
571675
958893
720541
853750
681498
929047
748575
885955
818934
612597
990941
592200
761906
581254
849566
603899
599281
782835
973209
657625
728698
531681
809988
963682
845749
653229
875153
721713
962543
691549
692213
643913
894334
921968
793825
730866
901382
673355
928759
988963
552879
666598
610954
785104
526014
875004
627753
696701
519428
767973
629276
643140
917475
609302
862319
796984
994629
885259
730093
739101
821952
943390
760705
894264
790096
579694
950784
892580
685876
930187
870085
692499
648710
513016
524350
609402
755305
916817
887089
547634
548173
855848
575108
748226
943999
874162
630329
598329
848226
649569
794943
718238
661300
810134
799326
905351
552390
770332
834542
550234
855655
831933
649456
598880
551959
852116
653894
517487
606360
666573
875970
569531
691916
579563
969924
684464
660817
738777
597040
809334
672701
896672
701760
942875
997991
643676
612831
833766
906289
675490
814959
837619
625636
931218
771880
591292
977208
908414
886497
860531
731149
690340
692013
691583
594111
827037
808441
615769
674856
771261
612127
701067
888100
758317
655276
993808
707964
843258
852899
631605
850368
845433
795395
704928
986344
956812
946174
940519
650108
660171
635719
627614
980788
776492
635795
930379
602676
580390
813667
684923
580441
894600
572705
881421
533241
733370
854319
563427
729488
877178
865307
656294
767187
537238
851981
788919
524346
670880
857018
595328
609581
870044
866693
743392
636902
968014
644422
957172
532979
866483
638082
588916
778858
765370
729812
876644
678970
567679
679316
801300
810697
755625
830313
594202
646068
844770
609442
690311
996282
999714
573274
541556
714439
843827
944633
838821
808640
670337
772149
824150
798090
909862
736031
894548
636988
968708
640618
833631
543079
983454
503349
744031
512523
549492
562152
895848
938288
687922
603087
636518
866112
625607
522478
908045
815595
805121
711327
625165
532462
789697
760339
704177
658787
653001
510415
790606
502245
786677
699543
981489
959454
932691
898762
748556
662779
745618
658287
577517
981281
882772
857476
959516
810208
821078
781918
616825
994279
822428
640134
627052
941290
975921
566100
771593
503688
786221
783389
946092
875347
818948
919715
848069
531853
680899
823708
739839
752216
559230
671310
796079
804702
945553
645562
559409
810104
593337
713332
549174
846132
533185
930197
703934
778069
637448
935231
996617
626473
810304
669546
747094
781207
910544
611305
855497
910173
808704
826458
791600
799387
962212
733050
954996
879824
848437
986688
514096
957911
894122
909136
736964
728277
812210
771765
523286
633780
656346
573349
716805
657113
712683
507876
843797
703393
742089
818933
749365
930817
633291
823720
588587
724607
966553
772824
963335
802637
565049
755057
890490
789910
833029
717195
951129
807369
817251
912460
965571
736492
853853
708236
898429
714792
807586
671056
749336
507581
775965
735868
936881
593477
649083
504669
821118
952744
815885
566730
929428
688342
545720
661090
551616
726857
647430
991028
565514
936571
917619
800121
893209
715775
568574
828050
609971
991014
753408
780904
864422
686769
647674
888777
931798
839886
829394
539435
698588
650366
877427
861643
503127
855990
911522
765669
817567
726160
740727
916655
859538
562951
990432
894821
829368
565070
694278
876529
996219
541091
604300
630265
921273
904851
973782
967848
843051
509329
843174
861938
703149
719890
685515
943979
628983
536452
665421
589657
938608
915816
984246
570381
973327
825161
605986
980364
981763
533019
674597
715551
528568
674207
560520
695199
694332
805203
800671
952626
916136
707551
630170
757072
796154
544937
921478
525458
658049
707420
526162
635731
986609
862814
519940
790538
923791
712563
575603
916057
935677
752956
525810
554170
699152
593256
793055
674394
593039
661733
873862
651462
922461
888602
834497
507657
761084
657180
659632
785155
879920
805286
820522
600405
680083
603547
959164
963435
896615
646002
514536
565518
671784
667460
884530
913769
735734
838839
958644
728914
579779
773084
857929
668288
842763
951066
574284
640178
929686
837434
561493
980418
699401
849218
799650
907016
861195
926335
777150
989855
843393
700788
945310
742093
736565
762583
882265
665442
948061
747544
814625
645219
527753
578834
718942
812264
511006
920296
950500
828625
624262
919123
860529
630134
720220
767868
788283
777453
707214
680990
758100
810890
710005
557755
897760
515859
716813
966955
826651
565040
763979
997781
740595
726660
697342
890065
890146
919885
701994
865298
850435
879022
518801
782475
964596
934563
974031
746081
792111
917377
701473
822451
507004
680424
899386
786619
958823
837890
970944
692071
587757
960026
718930
805749
898144
677627
635350
867445
621957
929059
808798
588573
671921
546116
911864
569409
624893
893056
969038
912667
883348
547725
665620
593524
575707
589488
589364
631687
599326
704096
773935
813020
993575
907276
711296
944839
502259
798939
907222
598208
728984
620701
859245
627828
517903
773702
925933
962823
892150
781016
938423
840802
780082
987603
505894
663955
764612
685069
662597
724383
844710
823608
508487
721450
926813
690662
942418
960963
769236
570067
697078
932099
926922
590930
658179
883704
958486
731279
757738
558908
981072
750224
930609
529674
966320
869075
712765
787277
775000
914741
794945
758682
572444
741066
995036
725927
810483
720427
589988
726246
747165
849384
836502
559093
598270
617052
570868
659960
523295
937424
926587
857073
533044
873877
941965
968719
697738
818545
535566
919338
658623
605971
661679
971614
581548
695004
896283
988987
643587
888697
652311
977228
743486
511495
508170
709900
936129
566920
751297
746974
983806
507952
828400
914495
601492
874425
835241
973620
815987
746856
511158
554270
963360
920225
792753
802561
955267
829907
667951
984088
716878
680819
921509
575278
620851
806448
881345
828067
789966
861805
890412
656584
528980
595398
990166
546408
517304
887570
677418
713814
883014
907880
713012
534377
536095
575958
647820
885757
786151
607873
535414
503109
810814
978999
580120
832284
732961
562824
918112
503119
662643
817491
937832
576361
584067
825390
847012
825929
736560
604934
793609
963775
655535
786866
891099
652416
718211
730584
722402
673202
899760
715198
849019
752628
608918
842441
957426
760157
870252
692274
808243
766985
613765
928838
504315
548886
735827
945664
645943
824080
637564
556202
715744
953827
686571
578403
532963
763671
852950
538064
505812
585058
942815
677486
530532
977431
787474
952460
951867
671901
969035
599649
963506
766717
680100
792720
824692
661415
839592
613559
992968
974415
535679
641405
582032
964078
636349
826699
938741
669937
768058
587750
513411
703861
503941
923396
793469
612324
879546
810103
947517
623230
965695
961092
608445
857041
524175
515670
926005
555381
720611
970750
873066
825006
631541
719368
774522
862249
523888
742217
620664
719560
703979
919640
584362
698843
651059
826970
531471
530245
557542
625894
774702
860691
643485
804677
999483
883714
840506
557014
994894
691444
828975
724145
700741
816576
652939
696974
534240
925113
702247
723375
905178
919617
554684
685496
935607
902877
741450
621803
638404
795466
979484
519933
669080
605849
712664
729763
978217
932495
693160
814645
509036
535627
765114
797883
731326
977452
628367
991882
602292
931303
575096
937713
589724
904757
752371
973717
831477
724791
828382
754252
508064
789574
998758
946898
895635
999056
818486
808044
755574
972527
588654
700367
533644
682184
696083
759483
840220
613190
764613
939722
704947
612455
844402
706792
863403
685145
622957
796506
910087
883269
950964
581113
965117
534337
605915
723567
944196
937563
855172
635856
584937
776250
745496
965886
906533
898984
712236
894900
637309
632204
898026
933888
780527
866039
836174
908146
967264
842008
557487
932107
737350
597124
699350
540119
904591
659411
617447
793110
938268
977428
803503
688807
629541
535545
699341
672911
702164
537839
975435
678269
901107
808946
601271
982857
763364
741896
549321
688325
581622
773979
756237
950560
985962
540941
623278
826186
770077
720878
582714
892012
875198
831921
737898
700978
652254
814455
717438
660423
626437
608835
863060
802367
860701
852050
927808
732385
720732
900338
788998
783512
608513
831492
810319
624847
959790
608402
641855
521945
891782
797599
610655
814895
630612
615159
524099
722233
815001
588123
881852
656827
826005
691396
680383
963857
986438
893543
525623
614500
581780
705447
611652
598698
833562
899459
870631
836113
658351
509057
943826
853483
537707
608776
771429
625054
646598
611047
529453
683658
680660
591320
787203
563080
672333
916946
840211
591186
700321
578351
647947
843929
739980
666006
792230
954145
544633
643494
588098
613309
964638
760860
614217
544692
510762
643190
625980
562346
691143
893894
554936
974605
699006
562153
578938
634177
528599
701340
514981
569209
752022
894304
673927
979926
940506
518543
862582
556492
599382
962356
752393
541831
899965
589271
586935
958988
512034
764544
595810
980006
540237
622501
563988
500314
558144
752530
769243
585217
581459
642476
968811
638744
739923
918834
640443
951983
629576
982369
701079
542615
702682
721336
788004
979320
898483
634740
828360
637074
829510
927591
838540
879888
596371
839103
575288
946351
808130
800731
914742
867323
823281
801085
946042
722489
511658
541687
605254
659316
562547
667088
881853
880837
804199
604138
648733
529687
548336
595415
976780
591854
941891
795894
988235
602479
706320
758217
919856
574641
675579
768445
500916
501512
922116
866198
585741
744015
792323
687777
722453
762625
529644
658131
599686
534317
716105
849127
943214
695611
690207
656287
758429
897033
925878
804744
941627
731409
724058
893427
862623
889200
619340
774249
652901
664576
957973
508168
674569
701543
572493
838284
885480
723932
539627
595897
636699
536574
584064
522472
806605
544207
794168
586634
900151
687944
512931
987032
658773
728027
940367
930702
876981
589371
713860
835107
894722
604597
551191
947904
518348
549149
662456
672057
747565
984204
731371
629805
849605
813917
971478
985894
988647
936441
601112
667300
501352
640943
646194
544420
817779
665661
848355
576734
832490
571593
720975
595102
770369
637060
791652
910856
708692
979772
901498
757329
677560
649121
794848
649018
733867
832183
913075
648418
643711
947845
996070
606553
796672
820930
568646
769004
869701
878887
981047
702146
744266
696072
759274
682898
629950
619344
765377
545758
988688
973925
781306
919166
707706
934492
635772
914537
779821
759506
605406
644277
549896
859780
858980
547724
989323
927810
648586
558417
961549
565066
682035
597520
538938
537724
620811
892860
934106
903104
957405
677388
741829
757676
911917
569355
779883
783558
783701
655616
585140
782567
981560
834785
712364
847657
854856
596026
748702
697169
700967
721302
511819
782877
943558
504380
531390
882723
521532
760317
783186
740542
644232
765538
638107
824675
931615
918972
600686
995059
509949
512024
706767
662800
950956
936967
629027
947601
655979
768802
826462
997324
771563
937914
648667
559850
568784
829376
522164
641496
942935
907927
724170
982327
662241
796880
670174
646633
512557
768429
692700
536612
990720
518489
813035
992180
963969
985414
642456
526211
731694
858922
644210
972963
909031
767416
781328
747325
666489
720095
652547
709446
951311
644846
914933
833224
908634
597695
967872
599643
976467
885508
739772
562643
836536
899876
582834
941519
737846
533056
588726
943274
735876
837311
996786
770777
660839
588367
650770
524209
658344
976570
942041
765880
923489
702862
686657
545536
948160
574187
996197
894714
676563
919387
622244
994914
682119
670024
924786
840660
732368
695083
709067
579136
530709
614760
718315
930941
651543
695235
949167
555050
663230
810625
582725
967050
622312
992232
863729
551639
943032
731851
638094
914632
543363
991841
763118
520294
665666
676532
811826
864223
609193
669410
633135
511772
551543
723668
612435
686877
818855
925799
899662
580729
514753
642188
579532
778581
740323
831165
699073
713605
843293
941543
508534
847070
984808
801355
989701
796711
878489
952964
807827
813687
937266
801056
656969
913074
808418
972859
650139
790625
708588
810739
632278
552224
780784
718586
875808
765638
595209
996405
629932
627873
505916
922110
830067
851282
589291
912315
606277
978264
950074
529352
921966
942231
531116
617475
997924
543234
521018
665607
857826
677850
638158
760074
519988
594210
787480
834719
723480
687372
916912
665489
852287
723663
743734
990605
859653
576267
810926
793672
913476
569646
991988
745175
776442
528783
827074
986706
906628
648575
680121
689332
509975
799244
650396
610895
894608
748046
660220
951344
811294
993625
578670
892212
745588
694897
854359
747964
740147
821080
626182
930980
689086
814354
892111
613596
661616
706391
932244
662256
564210
503009
604204
936860
675438
882225
905779
528119
686823
675169
761156
926617
536770
505722
559877
813137
782793
528268
896899
881392
590798
579298
960185
625749
961908
548665
839534
505925
832481
787125
621455
589102
701895
785380
745677
655746
746483
502658
721190
845904
760471
806263
760753
636465
830252
547392
662595
633380
665483
600023
975915
556704
539628
714417
724257
847679
643769
779847
606068
577027
991374
703027
750606
757968
981400
966237
970529
775015
903410
618845
547383
933552
951239
681333
596261
654706
882253
932794
907562
880439
745090
796581
709883
828805
579648
790640
775649
814031
931766
782582
823928
947782
798060
625199
507343
508529
940381
609497
945625
865275
917316
986120
735811
620888
908382
802203
711115
765060
799429
679377
901324
767090
968929
699565
573726
831422
530037
757933
780569
560758
802553
507541
548486
519310
592577
585585
729213
935791
674675
919056
720094
865005
534891
747576
507104
558618
876247
935945
968642
752276
982981
610085
804077
985307
565627
824504
726612
569033
529171
517884
610840
993184
985575
586639
763837
577871
928392
934088
892410
534595
531294
902912
643282
854410
901982
654544
949631
635169
796243
541237
636243
583928
708083
504932
880501
985917
813017
646656
887965
580214
669793
937140
709610
651701
721388
974127
870741
657789
559918
850105
994812
896657
550500
801882
796225
549789
904125
624594
648369
698637
748782
713481
519379
625399
867515
835941
687798
591500
955266
603702
763841
515699
527136
682576
604614
721175
553837
633349
928251
767827
874044
729150
503387
544312
854579
654887
765250
711743
708576
920723
548010
868066
755809
579185
795859
715014
861024
700647
906627
762153
521220
978462
609432
889098
832362
819626
548574
632799
833645
707836
508320
603169
791744
907366
556617
951902
569716
992744
856757
840698
593699
691514
505377
569739
766961
783400
829245
816227
532904
802149
989003
708578
736931
802448
595265
875124
977181
533798
920378
730828
864148
763900
753737
978544
731681
954193
814837
769949
554288
528683
605018
736924
601980
554049
761941
595370
811227
698000
703300
956549
611225
806685
602685
546663
983401
943041
748157
744581
529484
678319
845190
776218
762394
567024
940390
783820
970335
883238
865865
905611
624492
796138
520118
975910
835046
585740
855232
514373
618018
892055
741942
981133
704997
618175
641902
629305
599777
961961
707139
750573
822598
761915
847960
935685
796729
685593
551155
762556
617331
689523
918256
870883
755640
878206
709263
666348
639849
854359
892933
687971
883488
571402
989837
714530
525510
779930
859154
818878
716720
924575
653433
932121
718398
899128
576502
969251
733593
644383
866025
888338
564758
554983
683496
968674
612829
624090
687889
721339
924133
713994
737559
883753
877136
670544
515052
537307
937513
802331
968732
806907
915993
908054
673715
720766
670046
940065
533464
571888
939633
592922
601119
800230
789460
959357
779688
855796
799366
553025
815464
805842
749120
695602
649356
861178
643111
620064
870351
655873
867736
732111
531011
806380
611104
757341
878826
783970
719496
992428
861693
944713
835475
985997
797743
960151
744883
601324
844236
562921
663074
800723
915293
891179
815341
738350
739789
784227
863776
939679
656912
868981
621802
533973
866859
985596
836500
608958
714193
935763
667896
822078
792597
736350
919582
706186
557029
773008
907959
903543
813052
914797
646446
777546
908305
551151
801982
847983
526197
801892
692365
972768
510839
555641
544812
927929
853957
538188
932000
698128
635939
529989
530111
902307
978385
951720
784551
823756
811857
627304
663671
892926
636396
701513
591127
541414
534189
636733
564510
742549
734752
536288
611501
965634
540843
925281
913679
998792
949117
602216
632287
814118
619702
621358
725668
821530
934769
674626
714983
928875
592187
963918
778271
869312
856519
621331
702799
701137
875398
668865
730857
668589
573757
600340
817130
730749
596721
896426
654105
506588
880179
536742
694502
828460
826931
998315
814871
974935
957948
784107
883515
759438
605361
777562
895672
654070
777835
992008
548836
902208
916304
991937
627747
601019
765857
801869
832140
828918
770327
839538
888771
771476
850826
974809
529608
985541
887839
972900
611745
545577
653666
950636
612916
508787
659762
973965
910982
524875
822440
721561
975234
680800
670575
606368
963517
914854
945591
913846
715145
880449
961863
613012
735622
754849
743685
799740
539880
642241
953865
771107
633777
875775
937174
592066
888407
506963
973200
822356
861537
716248
888585
779879
993178
620355
512023
871052
500802
847915
694389
781825
596416
951504
574569
518232
901762
775425
670544
754330
665491
620743
783570
513264
653195
911341
730430
637228
576508
583041
512097
887999
812577
540654
714038
707449
784778
764486
562567
974882
541468
624032
565520
677050
727827
626590
657130
970538
948680
524932
907878
918749
782313
558107
729997
648842
709219
946449
628016
643486
683431
937146
906938
981073
920779
767189
652837
701459
773518
919366
690064
563297
541961
908524
759958
953851
864285
707182
829738
620451
753179
692291
865112
737459
858286
718073
507409
847592
751390
737364
684019
770387
581983
957691
559124
800794
601217
879149
591949
745113
534400
779206
690794
586601
803216
720844
572445
601513
604649
847885
688524
966684
988702
856806
851578
920974
923765
936047
885383
527050
750587
740598
660369
701663
811320
830045
548932
699850
894707
762733
787825
518849
509508
800416
632930
811496
519009
842806
807940
740675
761049
870750
657564
845046
794042
862741
802760
810860
702539
668820
534763
566670
668583
636149
512000
814712
621028
897998
930970
847971
792456
662780
680677
658169
635755
529477
844576
502418
904451
672418
817651
858073
926111
901585
905711
600821
658490
614112
948224
726261
636394
882459
941741
557864
926990
531749
873765
953230
974632
570958
801682
746391
743611
947743
996379
858814
986361
529374
644662
702874
657634
526650
642079
712265
748886
826853
641636
622598
685508
675211
733105
711863
560265
984027
519629
709065
840182
628425
879189
703379
909940
815947
850647
538427
915309
836879
522854
744250
756015
523834
858029
780344
829961
963494
675275
776045
729410
576375
661660
616079
631766
635955
799595
948875
535021
882214
728457
663174
551986
826493
966656
553623
988988
895660
545522
538776
899196
553905
798060
811769
618021
909969
861655
948576
717212
950551
576017
807413
704367
996758
675801
628529
890610
769396
673086
804606
642220
706408
838506
716204
709646
531967
909144
606889
667380
781090
797283
867037
982739
780954
863407
781485
653759
974663
594151
745228
711246
969512
645619
625077
544931
570533
760505
814517
613046
736392
557170
860039
750762
884575
828200
594773
561576
954426
783824
540189
704331
805930
672587
558299
962234
623916
790665
969586
861701
600900
621624
936327
872962
719987
860638
911714
751274
722354
854902
878030
631016
799114
512971
909107
635951
814818
825960
783202
757952
546288
790860
594041
946627
687589
560487
702156
947787
609855
840750
663944
994365
679373
822377
583560
789690
698597
674980
867664
558561
867456
910975
819604
878266
845522
852235
524454
749953
924257
935097
834172
520501
964415
730488
813426
545206
777525
724224
824952
936633
800939
958592
882508
568043
937629
778481
660471
980345
966894
559240
695738
670688
618090
778389
764813
697510
749623
672413
623069
969490
934520
892999
946331
789876
667835
809441
923088
920959
734078
848421
951653
576551
841521
986924
995333
648367
927403
962505
724635
823991
620591
887929
877152
943215
933722
978409
677665
606082
830807
939346
946077
867979
678930
976039
871703
902873
963853
513502
912138
568323
638837
813674
976325
685902
896135
633364
780289
538838
508967
685575
651639
887847
801000
911672
793329
528265
700681
979100
700559
980859
642928
689211
738788
561390
822106
620060
859961
500675
882536
996949
867929
923700
710434
808224
958007
848042
613742
855047
965473
956215
949677
822043
889843
967596
512160
859913
558686
919076
601772
652389
984710
727296
691370
913170
635678
628095
622026
831703
856787
585493
958869
541834
613931
548255
829365
579741
595320
983885
528716
629020
657125
566546
643125
650399
636360
879722
738709
896407
952249
997428
811409
636127
559882
677004
862144
977818
933046
703818
993985
689196
848110
902011
861615
671010
985053
911335
855841
735426
809849
849361
778931
720479
501160
778373
911252
897353
929898
678775
935081
735345
562247
915981
793012
596187
644448
597743
577653
589013
624181
595531
986863
574543
931049
731539
569063
566084
992338
819044
988346
841498
887760
516038
769652
827292
959671
575258
730463
585685
770903
742286
887468
970539
920761
548975
813083
903074
895434
880996
670484
575264
831292
779812
593795
805603
778449
853696
852999
780078
967215
865699
653356
658852
991501
722742
619293
667083
780914
669538
953078
911362
597242
625302
926026
931775
817205
954341
843176
675618
712299
736774
591782
561911
942526
530007
845161
938162
658902
741643
769255
965263
838910
643511
565924
849520
601164
523729
808195
706470
832287
834649
602500
589706
575951
923505
709171
797426
948844
507129
742008
826624
872864
771635
913591
791588
595482
831816
555327
801882
640735
530649
675798
781814
749587
961730
773140
620158
941494
760024
778497
894815
542034
590957
889243
577591
908593
872162
654210
673018
900643
836943
598107
976886
879010
540046
658991
988838
638964
650014
828510
953590
562909
767373
998342
505280
798064
812991
633721
634324
631093
880460
933225
538825
956711
778169
573068
866610
774540
938981
617184
505288
556355
809334
901393
788349
526227
994543
730819
869638
545185
519981
560845
710537
787725
916361
693422
676210
532565
501510
996806
549988
808526
663341
983330
673363
959227
979017
607210
925589
999414
595708
915984
828229
823550
742559
781161
513245
913867
693691
638327
734963
505388
937355
957901
732293
781005
533498
886082
803977
649946
574253
849587
702371
583831
951469
813453
959713
940362
745870
835894
571198
831755
806209
940837
524762
758009
528633
595835
754799
668446
536804
729197
508974
791801
706437
783712
635314
742426
625143
713595
981019
530804
887000
650704
906215
889317
899112
589649
530363
894360
727543
839228
720238
670649
814972
679069
556462
627812
729035
669346
676853
812522
903491
647816
549873
593933
728875
864426
713763
871165
507429
508603
870454
982433
613842
921649
673576
714067
509443
873188
540437
786257
549114
978229
975058
521688
545084
818559
950096
946219
880471
848355
987588
636918
704366
636994
755378
611427
519148
672895
572593
512401
860316
714614
927529
830510
737465
901037
571493
891386
680172
504831
854167
570043
702015
775832
651107
662770
751502
515927
892152
952559
824747
571623
672861
885579
921460
803103
557799
902317
764115
563412
796712
766747
675185
957539
633445
853198
833101
920839
679770
673738
972455
899699
601558
917451
758584
578078
790587
839952
819456
692612
885349
729282
926189
579518
531593
995432
695887
556345
557002
892903
883565
841906
815457
526714
629324
542458
630525
891091
886061
546567
688628
909330
972430
964394
748674
683105
787239
561821
508523
720879
532512
857097
823998
520936
994282
836937
991078
939496
561932
833420
731866
647800
915030
658157
730373
712371
506457
913168
524711
773361
927111
798116
721988
856706
566533
796373
807141
601462
932867
922882
835036
552825
792771
951120
691689
602384
853867
683458
589168
759500
660382
616980
680742
621391
859600
832950
990398
557885
895058
776048
503810
812417
556414
704459
583900
842008
686948
664804
592793
986762
737924
544226
501527
991698
804702
938429
789402
719072
791262
904373
723087
782493
