9624
737847
921572
629806
601051
545642
630670
731817
720998
909916
682559
526352
989872
636775
959255
816111
902085
711784
781582
968760
613808
717428
555905
950324
994457
944411
863752
794926
961046
539447
843390
778914
845186
637411
966091
858510
711201
899638
903863
540979
853385
936976
582770
999944
809048
932366
976767
500087
751143
820430
655200
608375
588742
868485
894375
502045
525880
802419
556437
938981
662104
866244
960429
920826
608254
815642
803672
650722
760880
589534
905042
730914
782361
713410
841215
983043
585662
659063
859294
852479
881506
809946
550026
933355
920456
864577
774682
756747
540673
746138
620959
966798
836544
500892
970190
914521
789340
817959
567221
758355
510129
663115
865919
507015
688626
993287
907333
953268
754305
793945
825552
535979
624181
562697
817578
578532
607125
732041
621687
647723
915424
742679
724540
726069
548288
718233
765693
816123
949731
621153
550630
514509
616932
650386
623358
789802
692642
904585
802407
912541
855001
960679
564857
731339
833407
745873
779140
784398
889512
731231
999966
811849
918385
866684
663090
856268
820017
917315
990260
932445
778847
553007
532142
660162
619885
761831
554335
836569
959484
782543
877768
935862
829263
543205
823976
990532
538858
758950
542903
748511
594796
664355
940485
537363
813478
994380
648930
559032
976701
948151
647960
830338
659325
516106
593734
693364
725437
783467
623757
743308
731463
949185
923587
985807
523548
571582
956287
606422
618774
984323
800300
550770
600673
876307
525607
809402
675586
750042
768105
713884
797927
854027
754263
513390
802102
610755
646013
784592
761082
539553
770238
965316
584570
760344
793075
876064
877337
682612
674906
741174
595006
854304
586003
924759
823111
942762
606921
899657
893930
505169
530148
757833
593917
513620
872083
891885
945884
672379
503444
622650
728012
783878
788814
503250
993758
971353
722892
529571
546990
977337
858430
578597
869511
929396
862807
835583
784757
539385
965548
741142
703712
653819
756943
894248
680455
879908
995596
623075
784328
734104
520306
906878
716803
639809
695285
748434
509220
841845
656644
542864
990673
790595
555789
825633
932395
623405
811330
662150
794325
890400
712809
524878
880792
855069
618473
756076
965744
669217
842295
546273
838423
992160
718601
579703
897406
650770
901732
932078
798107
928702
587642
721037
912508
789685
609242
539967
956527
552159
951108
742979
846278
944689
948518
954436
603536
898239
690576
611851
859600
907991
634059
763088
532707
713996
800594
676551
873276
940188
993236
857863
636430
527619
667486
687820
543171
726906
833667
702562
896501
643760
861044
871118
716951
679522
564915
707772
677514
841330
648073
560869
513644
718405
998804
630483
614692
642743
953257
611201
601194
595152
717290
682485
798092
694333
699983
894239
835483
949596
506480
927338
846515
597599
644591
974784
841262
899031
845668
783223
517979
536314
995000
521903
596300
646573
655101
654673
840727
767382
837898
810704
696811
695065
620692
971823
609051
519626
820879
944407
872003
857629
911917
614557
673819
618161
684745
760524
735991
960474
628256
960601
561328
793094
763664
607021
695368
500523
552879
879977
885913
598446
719174
982791
620573
515817
972331
735767
619925
980478
523783
543145
769516
919226
591321
736632
689349
583087
569998
602024
978363
906115
622598
973952
868781
826086
516632
914207
742871
987001
578779
522237
985190
998883
669688
957123
703267
566727
654198
503633
973148
749563
726302
809676
752526
866236
816152
975223
632125
995589
900030
577242
923127
844777
952384
731816
571826
585541
644298
673980
630491
977845
547786
947484
539216
553824
983904
512992
840886
605656
684097
750046
908177
675071
603897
892062
853180
606293
848713
601387
632871
531685
819046
546867
958175
781202
750776
529050
717650
945034
661252
862789
627150
824475
731174
706161
664165
701054
520547
772687
686395
894251
611943
729477
859903
713363
649644
662266
601829
764942
709931
902890
564164
934356
568030
878713
819544
822024
750835
731720
748766
912233
793514
656628
827287
659531
730219
532606
924925
872952
603228
836109
576727
596071
784342
934531
785519
743063
965393
911611
839333
601471
938574
800898
810188
616252
549283
647641
634952
808892
832851
859759
832167
681719
649481
615745
600497
595803
657616
847152
554573
713934
933227
736521
806941
992401
806873
838931
865335
934072
931804
955515
599134
993230
744119
719558
734996
926471
898124
510348
676751
851034
935459
811171
656456
688786
690525
707629
530010
563384
932924
597493
895717
919606
792366
531468
538434
947064
578262
792392
645786
616759
948079
844004
976554
670909
591568
921139
961818
793836
725071
763458
687281
824035
897205
736032
566361
597419
935298
998660
799009
555085
746995
551621
543540
765897
734010
761200
927901
788614
798022
555101
962030
589649
603826
779690
700527
654575
553609
839379
980024
755549
961981
526651
529106
767957
942704
595039
697611
648695
658349
648903
597742
970139
958301
735805
947415
894742
904181
994666
964847
956586
774043
556256
947709
871404
910711
756598
871366
952846
975151
915956
752013
691832
792316
518366
524208
887562
610748
721203
865248
948136
778205
888077
758335
725731
590453
526088
563233
836700
535684
524342
876891
987122
730775
846194
922768
815363
536672
641984
818576
567991
504183
701304
775296
848645
724548
529906
595942
841820
588416
514364
541226
516266
705264
878354
946032
826300
953689
508115
569503
506774
545397
760600
571100
703415
707069
888052
554104
553940
512779
862572
621002
992631
530560
587662
867232
924891
588116
579966
700756
808919
593551
748897
631481
956644
599512
762847
677468
738526
918739
923965
702519
661278
684802
788151
562178
986282
698448
688487
790251
605296
602304
977875
977758
613177
690787
943021
512950
887074
601362
573121
815482
932013
780150
873660
547931
725149
932377
662969
974323
848928
945461
844439
644033
826043
859939
932769
807915
690220
586648
629708
509794
648445
521200
973367
785510
583773
995020
548272
872678
579825
503726
509812
772517
826075
548128
686364
593386
670604
850409
851214
902684
641630
895702
755692
663311
722712
718160
676613
978236
863286
874053
727454
944697
766911
921362
633748
506797
903360
988630
654010
809302
844907
719280
995457
849126
580706
995560
633316
659626
937536
894354
694795
784985
873437
934581
714392
868712
869799
680311
816633
643648
979719
989401
739705
837066
632663
577910
884647
852146
854968
537315
593026
696896
585699
791382
825696
807913
993902
893517
885190
758558
774284
709543
772330
639066
690384
792911
592761
534763
979506
826564
869199
566050
900157
968576
984905
503769
861341
563365
715790
934862
848505
587188
949868
514319
685211
546100
885612
946115
591303
701590
611157
976436
587060
893925
794859
688195
763051
945335
768650
756530
549417
837333
631209
951685
860727
601293
673466
857768
640110
758453
793515
725715
826565
952676
925590
503754
627644
752486
910253
926903
924420
878026
948759
900704
765814
639485
959670
852481
756049
964893
815036
696603
854174
683677
865442
619019
606434
657962
665818
568934
616069
566313
880496
506792
920644
764389
632906
602384
530110
516831
909164
624267
690049
946700
632332
668036
618330
755390
722558
583807
799902
979677
986339
561902
742064
835114
572262
760017
509278
774845
564681
729936
653831
731656
827876
696925
920530
912614
734065
717814
918481
648839
859531
793405
624918
736824
765363
929212
641652
895838
826774
947571
597306
812202
940170
572577
992988
806991
796733
747522
773912
891911
811737
719656
727171
608891
701300
869265
557370
833669
667918
905530
525789
578831
767120
818814
900169
750761
730338
892233
842166
904268
549711
812481
651035
704135
981194
848993
859168
655474
692507
712283
847008
538475
835612
806567
853147
635110
837624
531002
682076
670313
665095
604870
711015
702670
615611
941153
621385
776070
918611
947300
844931
904805
670323
661751
892483
843230
948731
995494
658722
644453
700124
910262
857018
862200
801454
660636
566479
760973
589197
736786
724695
860763
555682
684361
709862
854972
510850
830030
899719
963045
579707
970110
797064
690644
981715
698162
544805
675940
896527
825014
820871
571587
943511
627524
986060
810408
697539
959996
500856
753546
557419
836820
953266
514261
706282
824339
737053
779075
816570
977100
998424
648588
887104
931361
816189
754485
783501
563469
751693
802899
760110
827686
965691
597883
589562
825916
969300
613803
621454
891658
996502
867069
946115
780710
898548
905647
660364
784401
939669
696694
676275
740765
777835
899045
991760
684151
774607
974845
553741
752389
864589
695311
776811
915119
860274
594096
597522
692074
598203
587897
834097
965168
539975
678336
843374
563241
556303
910318
830546
761953
889622
554157
935792
965047
839681
887126
699865
895266
663463
585751
614872
875235
771178
831845
600935
546787
757373
648758
900074
922279
677794
785426
679485
505575
525735
826327
620107
961664
729685
722827
571002
872954
783449
537201
761850
871761
962223
859278
592380
513354
893051
701796
698394
610168
560566
586560
731871
598954
511404
533324
900620
879690
759126
514658
540556
790213
673792
560259
632139
881589
934398
886384
827010
962649
887626
530763
762210
844739
876094
728598
736409
929989
712048
628300
959822
932916
917027
518890
566340
976761
889940
952637
537966
768980
916862
664214
610396
848545
849588
589307
853312
639527
670153
864273
539693
998451
715993
838509
649339
779904
919142
966620
620125
732248
722096
535458
828178
813365
541786
976819
702941
920359
943375
626028
729235
905055
904175
839027
580006
553448
920019
936369
872502
910670
595857
503908
611366
909103
854840
737009
583219
876393
806606
922757
810792
989806
826591
925184
942130
989561
869779
598803
786124
976966
697733
606087
694774
917282
641430
621119
533978
995562
929577
659764
964158
737768
549464
524041
988114
704515
940157
983482
853482
695734
704579
613609
784948
904887
756520
763504
552280
609784
973698
857928
613311
912561
801936
652459
654708
939441
935419
542140
618259
855006
862380
983078
580446
978820
669881
872635
911152
819780
503430
797013
707563
992111
913479
536539
573999
523441
658798
598966
925048
507084
506230
935755
534415
726191
642564
629231
716478
773114
512394
654016
992758
962407
733507
698050
985647
796272
503809
715697
824962
769232
942567
655148
670617
969654
685991
779120
815109
811415
983047
756599
585070
673009
695073
682405
631873
936493
879158
633441
642159
848965
873201
751387
788312
900759
950867
905245
986675
852987
815618
963171
761527
951133
777015
710962
608855
847012
605507
695588
823662
843846
763630
651066
910383
561432
573741
800798
720962
999481
732345
564527
738159
883129
541253
992573
576731
740039
823759
810819
601187
694168
598236
563655
870006
771953
845933
964251
661351
759575
579743
732781
868165
697376
933040
588912
711966
742022
542618
990295
639962
954419
539793
809297
970203
847341
589225
783295
987264
585892
637802
861159
765411
755495
587916
638757
850566
593578
869680
724786
628100
917327
520790
816479
700235
922942
944875
692632
672401
995389
806911
979095
869446
613918
809648
580006
608109
541743
983017
612504
607491
605212
847869
526421
665904
673570
860384
588849
614227
756539
860522
864751
988138
538148
632362
863968
966789
749430
782253
908193
702554
501232
941660
673710
878119
842959
566749
776057
640834
549133
802074
971864
560893
671644
908759
615882
564900
669916
525126
901645
747595
881246
964407
860130
775802
720803
609796
783764
552515
978087
597391
999224
760094
679777
574556
928487
516293
656847
559957
538605
671312
774099
865460
989528
628492
876735
578890
971371
879321
834923
809096
877358
673887
929363
735218
624817
505354
976207
974245
510693
793176
661781
714789
746713
718036
999151
830236
676937
564188
805142
669992
768537
558113
742987
777269
969946
506231
569942
828793
633062
854748
597382
653407
768698
785009
817466
894584
665416
976535
731517
564050
923483
591467
974762
814806
810866
545019
656765
808936
848077
529515
617130
560402
598828
921104
851625
735984
959295
843706
622135
637720
698114
844442
505018
606333
545254
592055
739995
906393
861835
598603
787055
777239
686888
773714
918785
830997
524906
912396
659121
754969
581442
610052
970988
545815
553680
819085
756118
584952
882079
785909
843885
909355
904576
970322
607158
659455
636064
521115
687145
530858
592751
872386
900418
922192
889423
920270
535764
759508
937755
572860
835957
912219
586027
885903
962726
613433
747094
815240
599891
699318
510633
678699
970759
933742
554012
814975
969077
958655
723929
942743
588386
771529
597247
640976
626004
890584
502386
609075
589325
905169
890801
621271
560107
855761
850656
646798
799681
859567
874868
685615
588900
837490
611030
781299
673087
710618
963411
648400
981174
851756
586595
724953
803362
958292
718281
695534
652464
604506
934997
529204
917240
755775
895708
944565
567445
700176
670449
897283
548860
627028
547546
666908
655206
818346
778099
911323
667764
766547
543332
983875
991808
615624
888159
826009
951185
520028
669646
511756
887641
736514
942005
642620
551970
686048
827858
693588
657852
851330
673331
924205
517125
565757
539613
819956
751877
713187
809795
983422
722654
752152
846248
919538
584076
966268
672612
754193
554150
913949
784471
949154
749301
877280
506924
993711
540314
749322
683975
914068
596002
908179
662114
785166
803816
577768
619386
957985
553756
649465
801423
742385
844069
733688
519917
887520
761951
916484
749730
738080
688016
959294
596750
947330
505785
974089
676079
504260
953284
749032
782995
782130
580270
863169
922607
959272
569506
864609
693826
731186
888295
528641
868439
824427
834930
915366
525424
731775
810417
693403
509549
783340
832423
501205
944239
501981
714975
526265
598344
579204
611997
691349
874925
748210
539543
769105
730990
975755
828812
828650
773693
776182
984164
701933
779654
576723
972500
823572
773016
976677
898594
679910
984444
669224
954872
936856
727155
550061
756362
602202
674613
727415
889694
641337
500184
794436
593857
675593
611380
672793
897826
524155
802352
555690
812132
823250
712037
796143
635473
884846
684595
644636
696608
694006
665301
741321
811952
960362
812118
537830
609244
845539
662049
931116
930821
527276
506649
999064
625094
852436
961625
601554
525901
676648
650963
917547
939385
525720
585137
770357
669016
694524
618065
892746
759356
864765
810586
627254
547860
745244
678597
969921
766925
531782
641064
867334
572849
859824
802563
745821
747563
694101
813272
711514
558308
637565
805123
769209
826014
707963
542815
521558
607216
574991
947351
872981
946983
656066
825785
953152
555968
921247
975717
975326
789697
840194
793669
538545
516453
505212
977048
897191
830427
917852
627755
903241
728482
858700
620434
783409
711338
953496
797610
930899
984701
568002
531839
642919
505002
510144
663388
598477
744022
995127
623611
807452
846706
882838
919516
517519
702523
587300
832395
780379
839651
789340
925355
508457
580044
714456
737374
914733
548912
900886
848192
600233
819991
730641
647281
693810
553102
646873
711025
553212
540807
664600
811194
584938
638220
697161
692557
872754
681963
742458
657794
575009
574496
923348
961268
649845
751001
908795
713955
668017
716669
690048
593244
572736
689589
504578
502119
987986
713017
615019
692191
839948
796633
912412
803475
826480
898587
768454
722653
856415
837989
659049
643374
743268
567364
952863
768698
774840
857419
500948
840808
991004
714678
998044
716227
862135
898008
706254
543672
748894
757342
827896
711458
507890
689863
619833
956183
809140
970778
524148
706993
678837
879384
576622
585499
877532
654370
902771
947613
547118
735337
892146
961010
772445
670042
807205
769576
937374
716240
684275
715708
594512
532716
919684
835322
857452
776156
989810
995869
660491
525903
921057
599780
920143
954691
690547
612865
762685
506769
770087
857228
715776
751794
851971
867788
912743
832709
923985
995555
786526
977738
644670
678442
825742
842575
655077
523537
928318
872986
595113
894790
825191
726125
947785
632604
819020
935711
808243
859949
716525
851595
979695
577940
999708
914240
902099
663916
861908
846840
808917
543582
966616
897017
873444
963499
894569
568388
748196
716003
612317
591393
840235
520236
675303
844756
932709
976707
606231
860970
907849
705483
713611
794339
547474
673561
588646
887436
739479
913695
814845
846955
841520
559776
635597
786927
843494
983780
651754
864276
976752
904843
507765
678267
515456
651057
703882
677818
515337
933596
794728
793988
765122
523133
570457
695594
873235
591997
902182
634957
505490
960372
675641
884961
953665
840999
947758
998074
809983
760180
773155
944256
643297
861830
741732
639598
517347
660367
653872
757327
962447
584433
670444
698731
711820
616470
909896
791313
915334
920589
980498
590361
755998
767639
899998
692955
711885
821734
817771
750830
842602
924242
753363
576961
667293
689321
625031
659394
544456
996760
790015
643352
555365
883837
681202
585535
858476
603285
931229
689877
811701
671902
666889
569912
744536
937438
839067
798723
509452
524381
791730
708328
790416
928389
800065
574593
978383
625408
948037
525942
616463
801017
513333
586020
565406
700565
543199
573971
600593
782141
964758
612347
877833
879221
851017
632497
898057
704007
782115
953143
597681
618442
507942
800056
598264
914359
753143
740810
776434
886541
940420
872219
924392
931940
746869
987533
737840
551830
964997
840295
775931
865685
521555
842369
665657
546932
911721
871115
945391
547393
699540
870201
858548
961051
861739
639118
676679
803894
920905
927347
922734
570443
856052
689084
797081
982987
531128
665439
987905
733285
990942
928702
991778
561996
523364
515480
637515
611044
541730
982443
693499
547948
831083
515438
590934
784914
806219
754504
761620
864735
691029
599643
724309
533917
783605
971622
933554
601066
901978
751867
527346
895421
658199
538060
921500
604123
740361
660975
543336
662836
647631
865873
592825
663132
677242
594787
754417
807155
946604
724823
510226
529352
705688
765161
655291
678615
668864
523864
909630
557668
955908
572930
676840
599529
879056
612629
941899
641153
950619
918965
530557
634265
664961
505537
622419
598365
716834
768830
578038
516555
845461
690340
681280
809364
873999
668737
576854
835173
540396
765980
716995
575793
776655
537729
666030
619886
530510
658536
998330
909926
943813
644693
918305
685298
846866
600778
535657
780278
644902
561192
988620
816352
846597
735214
575421
788479
661733
517174
690644
752126
975667
912558
629015
705996
551129
865088
741423
878254
898958
531269
746967
830018
611209
779522
923658
970299
772709
714208
941930
746396
738203
546800
725273
925410
873981
545773
980263
638084
697938
873451
509299
799512
625860
823309
576192
996734
880078
999898
889878
997494
543528
953977
767998
915195
712172
705896
845308
822890
635933
989878
789127
647627
895921
707623
819529
871757
608552
764888
723044
584381
617036
717679
913913
963369
555258
839586
964019
500238
672719
720210
590950
946637
931173
789448
974645
755933
556393
930136
849268
585783
613953
884708
865221
650958
547977
560405
703837
859160
844358
685743
504183
576398
710908
724227
595474
522452
626578
721374
865211
830530
703604
898182
937497
811986
906840
749289
526325
535016
602929
550142
864697
809720
568500
874569
593441
615639
625849
843855
913519
879224
782298
912796
968391
688223
992801
620778
664635
814220
594415
997787
841529
613158
567218
902417
951095
578048
931711
992546
575477
845368
863547
824358
673836
953963
926530
869329
529621
819561
789845
686794
678580
839268
814315
569519
659073
925872
683965
661672
836347
554654
559884
679090
534504
619449
596738
665508
671017
571486
548213
607078
694317
596445
634787
954185
998051
822846
796025
736102
663660
636816
596597
703271
548350
623972
761595
511151
644012
773068
981982
625932
795389
972206
689283
985884
944987
778926
731436
770624
768649
575918
902678
712966
553494
567126
630414
880759
606285
671242
775653
805897
591027
540541
882608
734473
712521
576090
730069
697263
880652
859268
722300
990156
904482
948369
507766
952733
854544
708697
870939
979198
988888
691298
913309
808358
599946
677861
578485
594510
747000
685761
859302
633141
840771
880416
828105
538774
770099
933047
544279
580566
640283
960207
579862
804772
733948
540800
922359
574727
615248
645428
777243
930844
755839
838832
729976
901804
690200
739145
921326
966266
540401
757582
580916
574251
885489
717578
592142
797347
831455
611184
653043
765854
809657
778078
655088
593505
547702
633587
728436
623214
931523
978250
834798
992745
674780
984131
602751
965968
602354
899910
522291
554126
510441
987878
792937
710103
884491
670374
580901
691552
725902
783984
523195
958276
830695
965605
976029
667328
854170
774010
811491
510941
722292
654204
565913
690369
675721
700379
597269
951746
794013
775610
772467
552443
568071
654402
556878
525859
508742
625462
616292
607193
606384
671528
985912
953231
663369
522058
888950
919660
632768
868543
774528
705360
762258
787027
886873
604927
550488
987787
913952
921082
951666
921676
836866
599066
752310
741120
902029
579332
995597
653492
988705
601193
943203
564547
845427
529514
833749
608286
970236
944683
531433
624874
802344
919616
625286
562666
598490
700680
516808
718096
707524
717683
523023
858430
950836
727206
593919
823314
972033
860606
625001
523607
773205
978532
711471
931198
747780
507313
869808
994697
773208
635739
527600
607132
917944
702288
798793
805584
882460
517661
536043
721339
572294
858193
500382
971672
675601
868740
705054
851138
871540
542584
578785
706936
926283
886923
971120
655421
795247
966287
743843
891804
737892
895757
931701
808493
677551
552302
828459
506296
998552
735967
884465
946186
775897
611162
928871
898322
943137
973382
533213
709353
736117
600974
577780
531211
568371
639259
693380
690054
820046
608891
629274
570891
573377
807901
843163
932673
570444
728397
950931
798196
669239
840902
989484
793644
653513
544403
899785
641859
864186
687323
965301
907991
832794
593010
921772
600947
735686
696616
812665
810742
586425
967321
766383
716582
859937
826968
571716
979094
956133
841334
733000
838578
763886
916397
619298
815684
663449
694779
874845
940621
820089
567460
999327
612960
733981
691828
838594
975398
579025
899850
800448
781563
709924
663778
889481
648190
904252
759447
824831
860565
660614
800420
909310
965108
807852
828382
992728
517139
968839
896761
639220
594443
736414
948571
509319
583954
965266
720090
869835
856654
968656
917464
908476
973689
780405
552876
632231
661344
565092
672710
697262
769405
813146
951751
763952
519977
531571
996331
897998
602635
650909
510870
968275
649598
874463
501455
508732
805284
517349
593735
818203
525812
728444
865361
598412
764518
936620
766531
835877
570010
598590
637158
892166
912321
719339
628223
876586
855557
571711
881107
567636
534832
622933
991465
821532
870244
676690
973671
600472
750895
744890
927145
777971
557594
923032
511970
612542
952759
938832
660998
613509
603018
546360
630453
503383
851997
888658
877280
991668
851378
816513
658869
503647
689904
671891
951646
927737
594191
751813
678096
855605
509183
946506
609687
653514
894116
774377
742337
694438
936986
830388
873453
796854
771606
589821
837731
823439
991938
539898
932437
652425
938307
598791
631638
860089
535014
865412
696561
593133
754100
614789
589794
951742
690050
669723
718961
673274
885497
729583
644572
974417
794978
502129
777673
666614
757435
583521
635056
990066
867999
811059
715412
801460
856998
862054
610072
506176
887894
836962
602341
798678
725204
504616
685232
713705
813523
684131
840103
642606
508209
517789
993589
948993
612189
639734
688681
647430
531895
876651
757093
627379
746539
633495
700435
813577
945769
693181
702484
622244
663016
585577
574923
838754
541109
687540
816830
650963
766036
668517
984372
790355
723057
601891
952473
624815
645477
949696
927483
894915
959989
829858
612574
920101
956289
679633
744312
859996
741966
913251
753050
897665
749758
946387
545764
591921
737833
590095
542521
784423
741358
555145
683213
736425
531741
544317
554567
728011
792666
656595
802083
794531
832550
979218
850957
613730
680543
730178
870988
851453
622905
836088
928145
955994
622843
771266
592898
922122
984422
751864
551783
764870
542189
969508
560947
751217
984915
729919
865256
849358
811559
819448
502034
592050
691170
519512
883468
536982
973313
776513
949002
728305
565717
882707
788048
836804
915015
936565
890459
851405
505343
545076
902171
605617
634423
823750
631987
837471
761869
897383
528515
629235
525852
586774
514426
732913
564358
707515
568462
823607
554147
613020
556136
836547
792983
586887
737401
569325
665075
974867
693756
612781
596806
811597
664518
628932
508102
691292
882798
886247
675984
628651
864497
969819
642383
712594
903869
618248
702004
674696
554377
635233
857204
740139
697334
842933
682151
911724
939649
581430
886302
992207
930612
888171
509969
832669
592281
532660
540347
832060
828804
953568
828129
907513
751916
777828
592257
527602
669654
530076
994671
798610
732823
977543
583664
661899
661488
518957
562031
526817
870990
557784
820218
809091
676979
759684
943422
858221
611006
648250
741615
994127
756561
513025
864529
786324
527544
762229
837431
545229
514763
906627
645211
782240
579675
607959
849800
987689
862148
700608
783106
672082
907334
848837
713984
625780
949996
611095
963854
623832
637193
753227
794612
892136
719334
660143
872744
982741
809751
706409
706493
755327
723309
765649
593712
732620
760877
596735
615353
934279
583974
776727
820030
812219
924605
990739
620829
718303
883539
999726
580939
748670
558250
833423
673180
537341
730623
840457
628497
838166
500100
986021
671029
761155
962870
671168
566536
935284
756595
626776
761320
716165
980569
631760
596780
882030
720750
696595
677519
648188
754735
998168
647989
576373
530378
645260
750565
761132
923301
699886
515027
940594
937998
529415
947154
826730
759223
813628
795280
902796
988352
754896
842880
818361
557629
570993
654927
948894
540209
590970
659989
701932
884781
553620
588447
660038
834957
724779
692894
681320
585197
507181
903918
534031
814892
830825
851546
708233
591190
684491
547527
838169
535942
679029
999654
726556
537978
956608
800976
954953
875344
855720
717016
504667
572300
671740
746087
996546
628520
615903
929521
960506
723597
580959
879409
849066
774374
641358
544661
855422
806411
966217
512006
549772
637832
920417
975344
959963
516818
854641
774221
959120
804569
535101
700764
560709
680237
781987
891716
715572
537512
952884
646904
650951
729383
657615
772116
919706
937590
527730
619535
958933
969965
825964
521497
703255
645804
636442
512611
630119
623409
668664
783662
642251
551669
584408
926983
682141
506164
814011
925405
722231
723948
546343
548795
933930
961521
502329
613580
895698
978942
504162
839690
728807
620243
890639
626705
585970
992836
664786
815443
795403
681991
764420
748852
809178
812830
603724
530350
616031
779216
880265
822302
991119
512914
825319
949800
592088
713025
536872
831123
506920
986920
932959
917540
648030
885256
537653
886690
971084
608521
559028
946448
927354
565261
734991
545013
875855
574737
793939
727805
757693
897248
593802
883289
912963
796494
853037
514051
502013
518660
824861
625136
653489
676347
778178
896137
745589
606631
812453
740981
569217
850527
879765
604738
840131
541577
816928
666647
791645
975547
614296
564531
510905
670007
973862
773445
726353
976581
855554
580973
652379
742383
598833
906548
639506
822615
799759
561519
815273
974581
502240
696318
751334
625517
859912
854611
664053
988831
661649
970653
556829
893143
691803
671716
902301
850940
622402
547684
719164
696352
646378
794498
973916
587366
839202
741411
877836
641220
941026
810516
548607
615870
912359
778702
919191
778499
807654
823958
509870
887421
837549
598035
742064
703642
858576
917713
503560
737406
809951
931289
707240
987559
935763
632806
740112
813568
571317
733003
978614
513967
980878
734278
912856
768597
566963
769905
851343
732996
687114
920261
741506
925985
520116
790583
851134
632927
589884
620342
631609
520131
901090
986950
512996
694277
643284
954814
944045
855526
538820
746517
649264
582859
927089
926798
632804
872033
774168
681977
816418
504110
769601
734140
525781
510454
862508
720486
512811
740588
573192
673623
532175
956760
506242
506563
937952
977706
613182
904502
646405
727809
993781
888768
549005
823667
962009
582664
940972
789673
866415
872993
722533
844244
690960
848766
742365
544756
761180
795102
559310
901009
583447
944091
591346
907202
772981
850747
893573
524857
994098
678534
771457
774450
655615
988366
728090
885133
557259
616692
654965
914998
899182
545488
751707
512241
883728
727246
542199
966400
603986
646031
737236
775699
886860
637278
711627
640273
896912
700430
878090
947476
803747
826754
982150
766362
799794
817145
984776
957150
591862
744714
914252
770352
551873
788840
809802
972105
522561
840020
529655
772557
840084
556654
590539
681783
892479
601779
943108
679245
829698
524037
872704
971461
698031
915789
525737
521910
836906
858788
730717
647362
647722
803928
862615
800369
983628
638740
972363
927909
640654
813954
708912
640592
646760
875497
807375
812121
665809
798052
949581
914736
944609
959558
812459
866692
986132
799094
630123
714901
621399
743858
697158
934499
791191
720329
510231
629541
528432
715316
978602
727518
807301
945276
838106
692453
806833
834472
919223
719889
602027
648403
835341
718925
787815
670021
852681
525802
966771
706749
816911
898767
510884
775148
725512
801864
593648
745451
976685
886046
777151
978844
794439
902084
881219
786575
769777
910753
528229
814927
643319
784029
766492
628980
624134
519577
686128
727165
518336
665351
733664
545102
564956
586028
529549
949142
707977
811835
643718
698182
986750
751911
636422
783991
561383
996086
765478
874621
927054
665066
999743
874090
774229
629910
649988
693072
709361
711278
622046
854351
527794
775178
677042
734640
572402
795742
736623
753877
641302
562725
721558
997732
976702
993052
652343
635028
973435
860795
660146
843373
948286
514342
583507
526101
841166
871019
587112
737315
914131
608335
653049
952882
667708
861857
841176
789795
988481
548496
765499
533352
800765
634820
979279
939252
546962
937949
685387
605611
639155
589788
675244
923138
649362
721141
732939
996120
786076
706855
853682
541816
829011
679422
902688
962048
779326
609852
961947
502639
580674
519651
853785
816557
948805
927638
617153
650510
763279
837273
510819
622100
686721
812269
646911
994138
880661
983607
732447
843190
773362
786119
584907
972674
787413
784424
635188
880449
920744
635478
983180
850261
649476
843753
838934
994288
676272
968867
833562
557954
982805
941041
963127
828458
970720
711186
779805
764133
878295
945565
724976
541147
688157
661001
617301
915746
833595
922006
573987
914909
880024
868791
710532
964126
947148
529684
849298
587413
712826
834764
662994
982737
799058
873493
711680
501658
902174
922399
826530
568509
565130
712499
811290
577681
877878
718815
928769
800368
671958
890842
879520
695847
521983
609542
890305
743345
889016
746717
876401
588800
840214
977765
759392
549580
857703
741042
545743
678484
615447
509556
991031
674846
591790
521141
787344
956758
665642
666353
686780
954825
507673
974749
737853
829439
936188
521189
803528
625754
843663
785327
995634
783837
879733
561966
722170
828690
564535
990548
524536
962802
960487
515425
872776
644620
902867
529465
630743
680135
592857
778488
562656
731178
741158
813777
976166
616207
612707
662017
725760
920591
845161
930916
980495
819952
526285
796253
678990
576677
709202
627922
748574
528926
920188
808322
944915
860740
870917
684247
928240
894785
951113
760786
921808
687538
907725
592903
878566
598829
709135
898246
852302
696692
716301
514327
792240
540911
810770
936227
548484
944792
618081
573237
581753
703092
817710
528833
879243
654082
794501
669729
541763
593624
539577
720663
779638
698451
740479
950389
600376
597746
855029
924741
843370
870898
692344
539310
560545
770964
893697
557670
528399
840694
897460
820318
691310
968759
916612
533029
629853
916176
654734
825767
682294
609261
998497
884301
738483
981761
796234
945071
525230
840400
536060
946190
578779
841598
811199
609684
868978
737715
958916
709544
681385
851968
737926
535857
554677
673099
885148
678998
533257
714428
521148
754546
933637
958745
532121
858555
628822
887340
821358
632543
589548
742037
621723
989023
799187
533446
777442
847045
550607
780580
901213
727128
981005
743166
832404
727287
546298
723238
728368
685612
835102
847895
872383
557708
661266
602688
967063
652794
712804
970057
777116
982155
503988
575104
900271
562665
860311
721679
795935
881042
941866
617433
506007
614990
704919
827214
567502
559585
628185
893677
825488
818300
791613
670897
723413
895880
659864
976222
707397
707295
751868
915089
814848
876051
752942
664733
556040
834203
648764
538669
728885
536380
533130
920828
969125
816381
726429
893846
861086
820348
795967
868233
795776
548012
927932
510544
610837
538768
528314
760921
719559
641422
830640
738713
948980
761641
678844
829916
862001
947712
759287
659142
742906
935357
809052
747191
634504
838004
501510
890767
673495
511220
744052
534921
796586
830883
649535
906257
622159
920821
873997
749868
925386
593101
607497
897148
767239
800441
652615
587327
616200
521401
523960
592729
534516
725650
909850
721482
746092
517434
793654
888225
619122
977795
796417
864241
807470
872930
587528
923163
631318
683272
721755
707664
584159
993500
891923
812541
723989
989933
966447
661012
609110
615793
754971
541304
674895
626552
613962
530974
930653
549158
603126
863183
746371
704020
691315
975102
867065
537143
879044
758279
887546
774412
745885
818471
758256
746188
631378
726092
729015
983097
605825
973298
736705
970150
639860
993538
793378
771562
603746
528963
626203
938580
576018
505360
696686
504356
967879
870174
824143
552662
818743
877341
940164
875329
884006
988161
870401
506465
513736
983930
601040
535320
953612
998361
857847
643095
893498
629825
790265
910529
611836
892532
978723
632572
626614
891040
568761
628910
549042
739176
576100
803199
603192
840716
951158
800222
535856
829823
922957
526892
842383
844339
620327
513617
654823
832474
911644
573776
795844
911267
538385
505329
540965
928003
507268
872418
937965
916594
541554
658471
570771
729004
658549
856175
872997
766569
800752
582880
981539
824965
919075
579982
699114
785629
849242
560113
692551
716511
824709
702145
698456
815996
664012
991521
695269
643454
722976
635279
707622
726748
905901
533641
897305
509886
872072
999939
635441
802911
852190
855428
861403
853648
668747
949474
785895
939373
558188
786757
552156
878180
624609
998265
805578
895217
831969
585592
588819
592942
683452
812605
899933
820680
827387
658873
656097
585425
738031
665726
708816
958970
692569
949125
665265
737279
986500
990831
517663
783629
656879
554184
887081
995997
644157
858008
593666
789756
902084
838507
961814
983633
715534
527555
815728
978724
725110
990212
798943
529377
581334
903614
583853
702740
847156
896657
540417
817769
979896
795935
931483
630288
580947
529822
684400
599452
591129
751472
617382
810907
910969
876787
998278
535413
964829
568307
540888
501278
784629
747793
990080
876594
512236
923266
909798
539743
957460
974521
737672
630021
698622
676782
582823
976548
537640
807336
565578
656399
905084
789499
581832
812678
720691
581519
902735
938895
969103
779550
502204
783716
710580
727351
870435
702400
671412
753784
614218
772720
920270
759322
601025
627854
621181
933732
661830
602042
589199
809619
992376
787591
987003
808257
546678
981041
813603
540622
544701
563983
988118
944999
655350
740297
946859
524534
646096
746467
792680
522555
907583
827606
557933
998809
601775
709791
611196
926011
600478
592719
992772
633274
633650
729178
632079
576045
753056
762259
946137
817418
981139
877333
758394
590327
849869
980517
936712
882439
881408
675981
696739
937554
932343
784541
505116
975149
905326
872590
935539
631045
868034
810808
871336
555941
740972
849476
601914
838185
865859
749742
752897
582100
795891
986654
520621
817484
554518
959012
688574
898715
589254
833549
789379
811593
833424
758802
936417
616993
917523
895545
563589
535829
536100
928592
693775
975122
654860
849206
619819
770978
642501
686763
818465
958823
941190
780918
551812
519571
938797
521662
554056
827939
849403
791509
826541
999387
915826
732441
900528
766177
673701
935208
515862
888644
844775
761267
561255
593328
664069
605556
760950
680055
840613
943802
965998
710788
975587
734737
893017
530280
590835
842979
629421
790477
827731
711013
770717
545424
862573
533881
877951
554247
550644
764102
925831
907720
812838
613626
656455
722758
877948
887676
954645
712213
852999
640761
673490
940754
563570
674217
623082
517764
963102
749847
804013
580564
885956
775896
886545
665400
808946
896210
589286
625558
821755
868108
695442
825555
893518
870548
966347
970547
920908
699386
872939
650642
569310
558889
844303
879293
795519
610757
533611
761243
609730
621678
891282
513296
645841
893171
583183
901701
886810
559448
550508
880483
838396
504159
999798
652670
622145
849901
925963
938515
695913
949641
754358
607973
935999
569543
925455
612938
653830
790404
791198
643800
913818
847452
784892
877758
940800
803758
685486
532456
626423
510414
958829
851221
684448
754351
587186
985865
843739
873774
701317
573070
658804
893509
599179
880354
596804
905990
736563
651298
788936
834458
948807
589740
965407
808646
696205
815263
939201
809696
614725
902409
897321
546377
678934
643472
906476
874090
694878
928084
918964
891066
523372
661773
833213
952506
508146
824383
584471
822951
640750
610101
949149
839020
530907
657769
978147
976760
764776
599975
832066
763460
813550
508180
545172
936665
956773
943113
525619
770749
899556
851574
680562
773695
948643
877979
838116
842557
957655
779616
871688
508164
946108
507580
594036
963016
740118
943058
677913
705664
577977
944001
671048
819562
865603
925807
986661
505994
945310
615050
676599
690451
748790
727476
894661
646455
614612
753052
545315
546927
661059
526828
673924
848933
528047
582160
948677
653800
841890
625186
607324
842355
818394
975347
987904
924334
830763
617601
612051
625708
764922
603185
937599
511825
512313
546105
758081
710235
983258
925714
679071
984912
518369
742750
898071
571965
964544
958156
984828
631930
681584
906793
946864
639545
680652
539528
740523
567626
891466
772583
538154
967484
771443
769522
866415
981963
733743
589140
627369
956777
850431
944144
664462
998592
666787
744720
793731
764163
507675
849150
799996
902948
890731
988060
985248
876194
693627
780015
695031
600444
632952
952623
516883
792187
990806
771308
507309
616308
650005
872097
667488
658731
685161
950842
690855
613898
791463
634506
613222
993818
969270
643975
776288
770840
894235
737752
568059
703225
782240
944658
989148
737258
552797
984629
558654
542834
563183
588249
867726
857415
661380
587547
645515
884686
829010
932435
579215
513115
653767
886504
930886
823916
679789
618261
746879
759131
557131
679407
506885
838058
531279
924648
885942
876262
765408
941046
755290
741030
616302
894623
538863
628105
769048
772614
672560
852112
811910
670075
926905
718835
602100
624229
864379
943820
733694
553539
568017
842799
706089
556522
633643
843772
634161
923710
559161
583420
822070
763988
661097
762903
905115
530187
610156
853970
935744
752865
631756
853445
862765
947276
887999
792885
531721
545034
680274
768908
692013
695276
647005
626171
765505
829221
690739
846132
886987
725184
652179
696185
501934
853502
986564
529026
547085
925301
530084
887108
665399
971190
734669
900805
626439
701621
519913
936553
796874
639744
708639
621691
797338
843103
661140
639230
761274
636105
663891
719357
821076
703132
549501
543875
597737
791520
901419
739130
610143
847534
556591
680724
525450
667204
784481
583116
882619
702564
686140
798518
778678
995365
554940
888787
881807
663194
852297
820853
871799
825352
753248
503449
823424
742897
955626
752870
688868
676216
751369
562517
847792
825524
538010
919729
620704
957597
761341
809900
840440
692000
769598
830085
859848
798970
739846
601965
627479
670701
966946
811189
748266
588420
771773
538248
640607
580193
682606
614029
731913
576512
718842
850904
681684
878076
915109
684883
643387
998819
843069
607001
926705
955939
805016
520840
758629
683218
591538
509194
921801
705651
571211
916216
814805
543445
512402
978243
909150
666823
980402
746662
739799
584172
704708
912175
676174
812257
970940
823160
523510
800563
575825
615343
698232
582721
677350
636441
607484
758982
569789
846901
886809
900467
829060
741299
859192
794187
532244
816334
850451
654156
582220
637502
768385
607722
744888
625504
690803
842276
568328
556670
806571
981915
848764
561179
919700
946589
708223
555199
690315
859967
518569
787757
937833
650973
515237
586596
868369
873394
559637
902600
712444
993237
643297
527134
541228
723743
609901
540801
814103
901651
978888
905453
538400
725781
676863
998434
665441
757257
665619
619936
564638
721805
709758
500273
509037
503849
843793
884953
890703
653827
593696
514256
805620
946826
598629
876525
564906
645412
897937
961203
861164
746235
951458
707948
813541
636640
531630
720691
799729
600510
638233
708845
692303
731127
963659
669266
830303
617202
825678
880575
990809
624898
789444
507946
796997
837673
726103
617585
692606
549508
637913
787449
853610
704409
616921
780591
730928
662962
846596
882050
879931
728092
691518
885769
758099
957632
897057
952629
870495
725038
917114
999904
654911
773164
651096
783613
898925
954933
855874
870165
982486
522129
648953
690877
539704
895107
615080
983553
991513
673338
693642
814737
566905
999346
850926
744965
756674
992584
751143
901399
880530
935590
981636
594641
858591
793251
566585
713301
633118
530500
786277
522641
880246
747228
958002
949934
752428
569833
861724
757265
814482
815973
938458
745680
643722
838869
941382
749925
688582
816799
573097
636230
999893
512372
879610
746381
929687
862357
950952
864705
500424
759879
548065
626709
516492
997023
942294
821505
673346
989643
516167
664788
937039
647160
662517
644588
682925
898593
872536
829483
955139
791747
592439
506227
973872
651601
688007
555513
980195
756503
934919
666635
608166
636138
892484
620818
668900
786273
638949
567026
834271
602051
522809
883024
949059
839333
688039
861622
700911
589101
523354
669497
568453
844256
791540
679755
698513
707588
591627
521191
520000
979428
807730
612162
782735
572538
780413
974595
667510
636096
567992
723270
982929
935745
501141
655064
606294
567032
586703
773092
703604
687531
831624
860644
823815
639911
685144
717242
797195
928029
615386
985416
550330
703915
553522
747462
558598
925248
754951
793598
664909
661642
850423
699882
785595
734188
942856
972401
524446
724120
536361
575458
675133
832578
920572
669324
963797
690131
847395
767518
602694
716444
947063
876246
864322
523229
544779
585349
727711
888371
927856
994330
630815
649300
886081
906699
758431
942153
925880
654731
847585
950544
691039
631560
788733
579492
796820
694959
825817
645071
974582
967817
557234
977191
703358
917606
853517
565922
883004
950434
554740
809078
678003
981232
842643
845416
804466
672359
501555
881263
818806
989884
898134
528095
702318
799363
888899
508631
961813
791393
653589
634504
769658
778085
915601
788369
742382
602980
792778
608944
995814
721147
692176
947052
641976
621702
831156
684939
712969
994065
859391
576079
710325
794635
982507
524305
663600
665079
913726
644303
922329
573460
720922
792729
685984
770294
585203
918433
548687
883927
963178
681418
729841
584332
918184
574915
971236
924802
519931
810589
894936
855431
622479
589933
795955
844346
990598
693600
606614
687994
804753
735073
723657
827453
535705
793043
944195
628021
687629
687195
554621
521481
837146
588098
843093
779497
664121
804380
732577
626006
565759
537520
846758
884280
623023
771918
778296
535956
926852
514937
881352
710849
814219
667989
880528
886872
544605
851468
674420
841852
799348
947876
573576
575478
610726
505152
857545
837998
545122
796342
821044
544422
917202
776248
690952
815610
963778
869834
632463
948998
507603
678334
812134
656598
628176
999563
738068
751928
875192
837934
564498
572784
868507
894654
852468
978922
583589
719875
953502
769421
988320
680142
943741
754154
819712
867640
889123
827315
569161
754935
982387
898470
911984
883419
735704
580965
501852
517800
897107
945595
662942
979901
582508
838434
772117
547483
634781
599520
924676
689432
696174
594365
734343
716600
516925
755368
731247
743544
566104
948613
976537
683187
535489
649009
830517
904216
726177
644938
983434
862882
650449
944956
947007
592301
659157
829807
516182
602906
523603
896199
817318
659727
955743
675247
931803
810549
992287
847346
949258
994611
653914
678442
894732
808568
637104
634077
723148
999155
704106
914173
898103
831814
735614
986500
698953
769551
913750
845597
552412
517563
553507
934513
593972
693711
972931
545685
557356
722784
957325
908351
730427
949354
655707
924732
551316
968372
799613
865185
615593
775016
871502
571125
635012
954759
592920
516454
980450
907044
907327
539155
828251
851107
830528
655626
977829
622784
518042
846528
821814
822131
582170
662644
745962
587915
618921
916325
736856
923020
813857
933937
703899
671993
948469
652972
756386
758233
603241
810601
730936
596389
722532
771735
534914
771565
661953
667102
996858
674630
770672
607710
809746
608018
565540
711669
575213
580709
989552
622731
770580
716573
993133
833898
902709
645040
970346
790073
876735
568582
910867
560972
596184
854710
619035
916700
922963
676445
632312
563849
620510
763899
738936
993382
524918
501176
673781
537007
942920
525587
738266
915170
677241
852949
965082
593803
881162
678572
561929
644288
593520
692102
864835
773608
625444
953877
800268
979494
607433
941191
603298
732512
800559
984060
859233
873355
687088
554962
925177
550762
875983
646816
904970
526340
875032
527458
748682
918610
884948
613504
908317
710969
828429
625495
658805
562947
711693
772662
516689
612630
500431
560872
534430
997828
973207
963414
872408
849951
570918
883991
601419
597221
822588
577639
646239
993111
857899
699485
530252
897738
543423
864496
999412
721019
937151
690938
938376
825652
768842
781155
546618
686746
687979
911630
899318
863000
636906
757734
656046
936214
645544
695478
616075
919990
924694
764559
625344
913750
619452
709314
834864
835853
671526
852342
547668
964065
513523
972024
548532
651036
566291
731138
706406
869108
978485
961279
618892
704332
804868
776550
627661
725309
663592
801139
731048
543927
877185
687462
780750
533068
740711
944433
973232
815139
566235
719485
947754
864008
541056
679086
587082
549054
513526
748715
796664
748407
659146
824551
592507
739500
572174
589458
722954
916081
987045
749289
902968
928495
920555
691564
837743
975680
963467
733502
578327
971984
732825
623362
999806
635047
527481
826094
614764
795042
880266
943417
501416
673216
770516
588554
678934
721157
948235
730688
728302
730846
705620
974320
971284
743854
556214
532815
515812
551604
568285
875145
806927
951208
798329
524530
544556
636354
803827
822942
587761
777132
754284
782564
780277
858638
899038
886984
602275
680161
516776
751935
872286
671250
819128
822518
675093
909204
560508
875002
753367
844041
853864
931618
989767
966239
578919
968917
955708
585157
678452
751086
887213
663779
671112
700527
797523
517092
509013
917846
619299
656097
787234
562540
947894
969300
980621
506597
815877
891416
863773
557377
867296
620173
773904
944110
983122
924098
582506
939216
511081
773458
849093
606562
755037
599533
778170
692104
873765
647146
827724
510616
695278
600325
764085
690352
997035
842670
680290
828410
721190
921580
799366
818443
883869
869503
501894
849844
803800
733050
508969
546121
518909
899453
690671
685332
627013
556965
973985
904281
697861
926474
977955
836126
533162
563788
820924
738882
586559
865064
750322
947523
634670
969341
943511
633999
725931
807721
906728
884127
962530
923976
770467
745298
900736
652135
920025
841582
751707
546189
706992
752459
733197
942362
953592
883150
815563
743977
944590
643621
719262
983934
999214
522478
991518
962500
990883
955200
776237
788762
557262
577198
836713
910437
637202
509705
831310
831526
680559
881999
694861
978424
580726
799088
717867
592993
795472
682231
817901
672040
533180
857078
522342
874358
629274
915968
911135
924399
972950
954349
617626
986176
856333
743284
944226
977032
853301
901021
661974
989602
998643
505283
786917
940019
568876
572086
901156
647107
967320
732359
621359
562465
600109
676327
674194
956208
950934
774728
632522
597302
682359
916294
895087
514644
997948
888205
535356
794663
559230
943517
763707
576376
815736
718233
831936
706203
535375
723231
514263
712336
789628
512601
621637
937487
613365
994425
968695
598418
681599
699005
609111
704907
596547
903005
994147
704040
841566
514259
867909
543519
597267
743373
598846
949047
640189
625474
794913
771096
898559
607838
679097
536643
824785
844416
737996
884625
560654
740473
570121
748604
815081
558684
835497
669722
635969
720411
664466
626681
881173
954186
881404
561125
903402
628118
583182
621512
952849
795728
910278
535004
963487
966086
657462
550143
552461
793743
807999
588331
603002
997666
535357
963055
725631
958809
510025
586444
922809
999435
561784
506509
814321
858782
666793
825933
799598
969835
595772
825857
537466
688956
960028
868157
597421
806892
860729
850860
678248
926589
685178
808330
900296
844387
602057
523160
595465
586601
894968
862258
918580
522528
781566
736154
895426
811771
709944
668198
766899
882780
990611
819148
779020
904981
503655
665495
776024
551788
720411
960823
885423
910895
690768
773680
557287
677184
689196
862734
812837
931682
948237
543409
761799
600663
573389
800654
555392
919391
676366
759220
764121
860090
875255
900763
804032
888481
531503
972611
929653
543442
966552
546378
853362
749000
721947
927225
716572
734010
582166
523918
769233
893963
973425
730732
993217
726090
566201
892859
897618
599322
758844
745622
789792
709416
540026
590564
505472
936465
935299
915967
579708
808475
562256
546067
739504
796883
856183
549379
864984
796680
758506
570394
764456
952682
600996
889037
654221
984066
757032
776291
858047
565494
767178
736596
735269
676760
638886
998286
996937
941872
790839
533974
789623
651973
883331
726746
536136
672236
715372
809906
565102
841177
666071
770441
558025
591252
912047
757589
841866
533193
617932
664755
856014
936742
677879
878364
778941
613830
644103
596139
650428
807426
956714
909076
668870
982938
749504
541331
577981
985037
911474
501075
772088
682658
559453
595853
757243
525176
776173
882875
994230
613787
700910
563169
621956
797759
655481
615128
616973
903603
761118
678540
865786
754581
578665
804309
669116
941195
909349
826651
898706
957728
596918
559449
669608
827685
833774
786719
653639
526529
852975
523586
658182
995230
936162
728465
892914
623700
741936
940499
787584
846240
579901
698737
878652
894173
906117
867731
712778
554726
935576
505348
503256
508786
670971
822674
964076
501884
536213
708560
513344
506738
707285
592633
740381
546172
888731
753628
558416
816106
709195
907422
949098
860122
878185
628821
586951
839943
926931
912559
700091
511711
937713
850477
926247
716899
971685
917471
909654
535004
868366
985158
778527
661571
832351
713943
723667
503653
716307
908044
534930
621115
807496
989100
900026
738659
705983
661215
557063
516939
871007
795454
870431
679200
590539
865675
967322
891711
898352
553844
859749
761698
848587
905887
588253
856848
684277
842830
845055
830284
699504
562345
571929
572954
907931
535524
934377
860111
712207
741314
571226
855137
596418
839741
602188
881602
977505
846117
764177
530475
723331
687921
955382
724248
623077
746429
782387
652234
916988
513732
514962
547824
852816
784907
887637
936984
696293
972442
867817
818357
806369
824259
593530
834360
988869
840633
513839
951873
989869
700391
984744
726808
838579
722049
816067
769852
573102
924734
667936
557570
606476
757673
513649
669084
928040
735367
846779
936218
923152
597971
724263
917253
754183
728430
934349
811032
951063
625278
526225
708520
931817
928591
611581
907135
921599
619462
763989
606838
569405
954229
749468
568558
963827
927454
793336
637019
865750
749156
632982
697346
867386
697437
868629
642382
775290
634219
888154
611867
733366
623324
552285
878635
698984
990766
883449
751503
896884
717562
589094
871831
705445
637240
617082
948176
755243
868723
994921
997999
620256
716196
608186
892168
930100
897627
912403
735613
531201
994644
515134
781861
808188
903942
788032
817737
946521
649259
864766
755054
985519
769487
804639
839140
738932
962442
677782
920177
571255
881794
777939
811113
547574
570658
781892
652544
725202
624876
660429
905645
999601
996053
682922
742153
899567
792592
804243
589392
610560
620242
769818
571399
651274
962099
767936
919106
519484
758355
630360
800962
524579
772217
886885
931301
649006
982880
984755
875706
740193
555039
768595
890862
619096
841890
980945
587820
548810
952013
614936
656141
819944
883412
558741
533050
742253
615731
523302
568021
757787
574118
879020
578937
616866
950752
789020
512192
622072
800673
892591
868369
947252
588397
520320
633818
717848
932765
646213
979589
754104
520462
758815
882988
721163
706902
513785
961732
599659
695212
714133
544804
903385
646017
767331
993369
939276
793873
923200
680589
593499
554118
888577
791869
787536
924558
759046
717203
536990
842354
922375
956203
598369
701473
840711
587815
749466
522278
887815
611137
549889
728889
682022
936015
915330
696382
665520
514904
751667
741747
563561
714549
614340
812763
709023
872675
547687
606298
778064
853234
939292
910190
880228
588948
896883
558177
710660
723715
644007
841139
533669
678755
805318
746456
696063
751593
881032
879807
842642
862602
527274
724708
820733
672347
737852
563176
601864
721443
796873
885161
538093
636229
520478
899694
955587
742121
874056
585140
753531
910411
705736
917320
527735
820164
765873
963726
790345
792801
741717
688432
957843
528313
514115
791369
925798
918551
506853
631599
913867
586441
515950
617076
802819
853403
740381
661329
686820
524360
962824
945935
835622
696810
769544
888334
962372
680731
784381
505136
810358
719544
769573
640536
688103
850689
904321
790700
797822
587756
834779
968650
565685
863187
660382
836124
808688
760932
709011
928882
784485
752073
960672
863036
525813
650459
559955
993475
504340
719735
569096
846505
624856
710474
510031
943839
628240
938758
668214
639188
707192
511745
695932
521965
775913
947541
562333
679602
623354
987002
628668
630463
805326
640657
674320
921994
897115
856922
547982
853282
662422
932528
593195
570777
836712
768520
628065
762425
986515
732650
804697
681515
726681
668201
840678
745747
628812
644373
589850
888116
906213
609097
982935
620059
955993
615382
895870
866274
946657
647882
606840
801555
645542
649869
837284
539411
567643
766865
798785
522942
676938
588768
521516
969852
952734
626959
681110
621669
864066
565264
637983
842664
672840
940176
515928
518430
893889
712378
743399
633101
508863
609231
797789
759206
749880
701651
815275
912452
891624
895390
872804
961601
862599
733845
741424
528776
637410
678119
739953
818994
977106
893508
980643
831407
562755
962098
950285
743315
796520
754743
909021
958888
621021
991548
599358
916931
530607
734064
989772
532523
731107
857311
753328
894866
963468
639738
725295
886199
510474
944074
875334
897059
974886
845594
741835
641344
904701
779471
651749
658755
510099
942063
858730
835139
857313
543094
713463
614504
568890
745831
976200
629502
640755
533139
807597
963481
989585
835967
738257
997558
921371
555201
507639
985379
803521
694352
596091
632681
670086
629785
565805
748882
790706
508873
727029
608474
602176
834762
587161
516993
819060
985521
639340
935805
681043
978682
597841
701869
962818
788325
843246
556528
985124
507304
897996
528343
537051
913132
829526
621798
592008
704706
817463
912885
815279
826501
659762
881599
718483
993822
987200
739003
918947
861595
517647
549630
630611
876120
601304
986991
609210
762646
926176
696354
524642
849724
974252
970852
783762
772337
916029
655273
559529
810083
505129
511960
546076
641908
879370
583749
740236
843832
892341
713409
544360
849438
863114
874013
596655
653245
856469
515505
936299
654197
782044
612295
584145
600117
716921
691907
802807
660072
662275
622502
652337
702666
947439
569743
695226
992432
864726
557311
568835
758715
559685
854174
568644
681957
706496
940721
794612
967870
879132
616368
623603
807204
918674
771514
532622
515993
761615
738859
765615
594320
944863
895333
559628
599570
623728
969186
909216
747439
776297
645115
724059
534131
504299
520610
834448
559790
812875
645348
982022
922334
578385
546047
731885
541791
567579
527501
575928
722790
788252
602251
815312
585560
569223
562428
984780
989814
526197
669458
517161
822303
901083
766475
667027
972958
953109
778304
852847
569205
767990
627542
630881
895301
822964
569046
767408
517895
660315
638951
951116
997455
895147
713935
663869
958768
789759
848532
947575
800285
880254
632826
931622
710316
886758
772007
977150
606394
624296
952059
722335
929817
543706
880702
584545
931012
957429
965746
905764
656430
699123
500610
682577
802540
726110
694775
734004
891510
591070
788531
915218
956524
587577
880344
848717
989305
991821
788577
815748
645320
763548
850878
911412
764393
778678
714265
814447
544533
632966
637285
562940
828000
860906
695365
908529
939875
794537
554385
891125
941845
984349
608412
917750
819212
768704
878584
852845
521194
585530
872712
717295
921625
719983
825025
745774
836197
682571
951371
999863
901980
855899
608897
827731
880870
534355
840693
970460
662557
793075
617023
524590
945978
758743
994020
683890
711987
706105
771042
529359
737360
671077
950113
671193
840146
576583
849103
791255
533239
877753
865361
900585
564728
613870
503135
656033
668405
603815
567677
986535
555705
556864
515622
930657
867895
890057
955140
757829
503484
633122
750677
744335
585546
744624
555673
932209
893638
911088
954401
586123
635285
694296
863930
527207
628152
797816
555616
556156
735287
600401
691579
663635
994107
804781
932489
949836
721206
672963
982584
975049
797523
522726
507051
931298
769048
552995
513141
839370
613520
785692
945836
965790
787600
728425
730402
778784
678911
765048
866184
500943
572513
540687
757836
510401
545705
790005
598013
935479
790927
647065
934268
978739
928120
859211
987792
537910
700158
814806
650151
530605
893636
667741
810049
871420
762850
775033
618245
947679
819319
610751
519668
882641
647278
839987
521401
783576
776432
949927
837266
565439
670204
868290
505988
556919
822712
567804
744523
841185
531076
869981
998877
788606
664637
580517
667124
649823
697702
681892
962712
640167
636183
886281
650124
560761
770055
845785
923389
900698
896873
761498
848541
829994
848172
952287
686623
849572
854392
825386
937076
829141
612426
936198
747906
926747
963874
603453
543620
890867
648816
849301
707999
961607
905876
863011
914668
564591
915862
525609
940748
583994
623902
885011
708102
799481
732199
972535
956958
931017
730405
525989
689898
740600
645714
521041
961029
510281
878000
960270
932250
634384
883408
941570
576118
932373
694948
819601
933654
691587
697877
988904
800997
814332
541232
594727
567236
895845
960982
610928
525237
662918
691625
919191
685578
873719
812364
993429
523335
734351
784219
674414
689721
579334
623383
715347
607068
858142
675627
744215
585169
784772
769568
763393
956755
756481
548105
555997
562203
910561
730591
991558
987152
992968
841164
791091
708320
844152
994489
622330
869957
813488
741564
911091
920229
658963
917410
981772
658381
757878
783648
518690
905404
841336
973017
738791
983645
585386
660781
701810
916654
927237
949126
650790
612910
806579
972537
727140
716222
847649
965529
699651
879982
772845
969812
672411
562301
609711
886818
931706
732188
743577
980644
927153
786580
790548
576264
872193
725078
889880
581434
634799
849204
977746
644381
876458
863148
899794
794653
559791
721883
528781
955831
694547
712948
569465
626923
907878
866322
910843
744886
889870
923864
926806
925150
706752
574547
830230
500278
899513
750507
999775
632970
882318
707793
908086
780289
596196
712644
600091
924732
925075
636101
719658
979457
937699
538214
823235
920501
784656
997721
702189
809685
650295
727842
916828
988673
834655
948372
511263
928766
852486
829061
809055
883516
981460
728297
686677
584156
858181
948215
645763
591032
554975
736345
980162
997403
694391
702269
932789
712509
638967
905923
869962
595953
578545
780048
944735
657300
883001
999097
991800
670194
629053
732343
565381
912791
828674
873056
947920
539682
592692
900969
770148
606907
797042
949627
601136
664045
782932
994533
801075
830245
761003
943447
688988
545634
853946
908803
977369
622223
758672
523585
705057
761472
932160
899050
993296
721289
671099
509773
747525
809105
752106
940347
851907
770153
558115
777442
578701
706761
532852
623375
871096
785584
506673
527880
969211
619969
779572
851106
825032
607509
893681
661727
933328
907615
544412
591171
693586
631500
500214
813139
873961
707461
721170
772477
658888
517045
905229
618744
903902
542693
563589
648096
619051
829234
781588
515639
513647
776873
778427
731063
902582
747464
512849
526133
983617
985424
893959
629709
851409
592799
780512
964286
708998
785587
657274
852807
762898
842918
937605
862501
942050
570946
719662
973676
571487
632288
686853
792395
987161
779672
735244
677048
556544
601526
526576
514300
735801
684575
853024
975661
772706
859938
709256
531359
825558
664602
846232
733795
914299
819462
812477
962540
941216
503477
971543
892841
625109
905332
760839
840403
506521
909564
546021
508085
559194
562505
766954
677907
511836
937318
847771
969607
849978
698985
571486
861711
945562
515355
939240
823912
533464
749611
710947
769339
779420
866486
738934
769701
511577
655177
937191
942640
764103
819139
521428
619975
932361
986706
727288
914312
711016
604686
532307
761636
509809
882189
984462
906196
704009
540016
819641
821491
509489
772573
594980
771350
589813
974563
581330
868491
905807
550073
807407
614464
720138
807984
571526
832662
736053
904678
950019
645525
695284
571337
848230
858309
916277
589338
911174
620989
998840
746255
861153
862454
770154
864663
642679
704244
595190
698331
765569
646373
624282
542290
609765
882101
661311
768626
679199
746754
626309
721147
899240
791192
557346
757323
618027
824803
738949
630372
727505
790304
981760
728713
844665
681206
993408
862279
545103
906801
984556
774302
961574
777689
878607
845380
871755
861839
638125
955988
706508
914686
616844
778673
503321
844315
538645
630205
573649
710222
697349
597869
637424
815818
746119
522478
785273
726423
575727
543221
816714
691904
986181
839338
668305
934767
943928
692785
990640
767263
702724
520605
639491
554839
652558
667270
870093
965220
636690
738368
885570
967754
764894
802428
515617
742848
543511
702349
585788
579153
719680
933908
940272
768185
535622
772361
935112
568873
997827
503079
516085
517203
897888
857583
566730
939825
630728
970926
873265
892148
691561
664223
993686
690981
768230
688385
847317
678644
887850
679226
917329
505951
587057
733550
590459
635676
503887
518582
665227
895821
758653
813342
771132
798311
883442
760636
680955
740763
959098
896213
915629
619907
940487
681051
640572
537762
845948
577910
651360
936844
832761
917188
861627
569108
906572
657734
720064
685511
617202
602356
724018
822810
714229
653462
556941
986049
568014
999055
685979
675868
795631
668381
818261
588153
707834
568300
650457
943204
674343
796321
566849
790277
630252
634551
524569
684814
902567
596037
545323
968860
558087
873696
735693
626590
712189
922211
704509
925137
750263
889330
773285
975943
724618
849871
703075
779202
597321
865296
939991
606118
549942
773850
734869
752574
687470
781709
747172
599393
787119
828377
903642
654456
532067
614578
816756
827962
686774
582560
938309
952977
554000
537475
664501
751531
959827
511570
652760
891820
743949
822403
981288
976752
529410
766259
737504
755389
540793
590650
650707
715661
985816
776878
606602
672491
956179
886055
812086
853310
794075
668683
695216
699744
566335
581867
544475
564344
851156
645768
660140
508336
711153
542542
725270
645227
703126
530572
906152
737167
601290
757484
818475
687548
794867
651772
729977
870185
986073
647239
723087
621793
870257
704321
929469
688864
793211
567015
898057
534546
618661
529037
880680
813794
506067
543449
570613
676558
760177
513565
865174
582921
685398
772328
675970
618874
813234
521023
707986
870927
634243
960769
715615
757466
972372
681800
883487
720515
655834
817185
822131
848608
777338
620418
863448
590641
814347
566969
898906
828131
610673
634217
962974
591299
987486
642069
888795
928749
632700
949059
776061
825933
856551
863983
903274
712993
932273
651110
660571
636011
910047
653848
558221
594627
710967
513072
833654
572330
764474
567758
912587
701989
631165
515293
758386
810469
753181
619137
539146
662798
870221
511617
673797
877277
983721
969791
849949
684121
611475
571447
713970
970255
545731
626712
545493
933281
644441
947818
733568
669756
620968
671948
868480
592966
574440
825628
729050
561788
528983
948562
857556
836808
513793
611751
533891
952112
834356
905954
725687
864371
835360
881375
783514
715323
953277
626040
984930
892084
580935
973828
961060
915863
810812
502750
641531
636978
996747
551630
938757
584650
814676
929256
650661
667963
520205
585317
860000
652260
597776
911177
593657
681318
841552
673182
743987
643992
698094
646460
648756
756642
512492
553140
526425
581040
641809
587780
911605
588997
618149
524612
947765
631989
708490
789875
548564
662181
895677
657961
815856
736561
641409
987934
695088
852574
681067
678666
672620
660738
614005
534366
686102
791481
924506
561919
857399
769086
524864
826777
572118
724945
641327
945593
740583
760166
685252
565123
736634
708998
593828
957293
899658
556562
565725
930772
825189
835867
730985
887911
773952
670660
562457
604646
510562
597520
978647
522178
908243
720948
984601
633824
880824
572870
558704
708045
782615
978149
910750
873460
500527
639354
788978
532128
880572
679620
627238
913809
997504
757831
790385
801151
906738
814809
552096
986400
985611
951424
580614
937093
549073
596410
866329
686665
949049
705169
626286
782108
803894
914785
967170
627677
806376
889723
818834
513187
884593
514187
943483
780954
991106
913939
709231
940878
810785
995734
949963
780990
956972
993603
720218
962768
755693
675650
710126
998684
765649
983136
651267
927522
609881
969908
981007
656342
520145
654835
560164
742574
609289
524018
760838
543871
632915
561643
751018
610090
923778
564701
618005
847437
856940
531958
566773
978902
600084
898017
773089
777224
530043
583034
940272
848409
708311
661794
601835
663431
842036
698691
651822
738445
519644
605443
784403
600523
708953
999098
945881
810497
944488
990443
506087
799317
838971
628131
571857
996736
826685
987248
620272
932122
857472
978706
968062
879642
880389
623941
752142
776018
795918
585654
869725
934786
705893
530733
763008
923179
758415
972220
811811
818620
862268
737029
670366
675685
875270
884684
764906
610692
964207
666801
781456
767881
695210
986123
723142
930559
534657
866615
971521
986558
878720
996950
877121
733280
971726
588588
694121
680642
777123
958457
608995
869816
636565
555758
620702
634216
884422
551023
520167
804840
949302
671135
948091
728297
931946
513393
676271
715889
971117
865678
678229
840233
920183
931400
713968
757137
747811
947704
856163
668303
868285
937335
878141
741068
524519
972303
730114
830120
970932
565738
753469
669878
535674
561324
557513
889399
799151
933195
841304
972181
803511
699696
751498
951514
533104
501570
910595
875349
631162
602005
970910
791204
535295
788979
606783
808119
935000
771778
646707
549118
697295
762437
506046
755089
749193
994346
852134
689571
556870
628677
598413
532926
770086
898819
964787
748188
833058
927708
560584
972440
767106
829255
629950
540862
876528
728963
525096
986711
676070
738640
569963
521135
825798
949396
845365
644774
524617
588610
947678
812352
820219
519960
935888
914936
689905
639998
969193
792953
869632
777638
805923
845258
572052
747153
709396
760169
